19688.000094647 0.000000000 
19688.001075931 0.000000000 
19688.002140559 0.000000000 
19688.003141794 0.000000000 
19688.004145790 0.000000000 
19688.005115558 0.000000000 
19688.006150388 0.000000000 
19688.007094363 0.000000000 
19688.008070440 0.000000000 
19688.009094702 0.000000000 
19688.010084314 0.000000000 
19688.011114178 0.000000000 
19688.012107507 0.000000000 
19688.013125915 0.000000000 
19688.014142216 0.000000000 
19688.015142645 0.000000000 
19688.016092174 0.000000000 
19688.017083755 0.000000000 
19688.018080172 0.000000000 
19688.019147811 0.000000000 
19688.020147282 0.000000000 
19688.021145606 0.000000000 
19688.022145233 0.000000000 
19688.023123707 0.000000000 
19688.024148239 0.000000000 
19688.025109929 0.000000000 
19688.026148852 0.000000000 
19688.027145228 0.000000000 
19688.028107056 0.000000000 
19688.029069975 0.000000000 
19688.030104213 0.000000000 
19688.031097441 0.000000000 
19688.032148845 0.000000000 
19688.033124811 0.000000000 
19688.034090759 0.000000000 
19688.035117750 0.000000000 
19688.036150763 0.000000000 
19688.037144651 0.000000000 
19688.038128037 0.000000000 
19688.039146185 0.000000000 
19688.040097872 0.000000000 
19688.041110941 0.000000000 
19688.042131933 0.000000000 
19688.043118469 0.000000000 
19688.044154054 0.000000000 
19688.045121211 0.000000000 
19688.046111003 0.000000000 
19688.047127188 0.000000000 
19688.048344847 0.000000000 
19688.049085653 0.000000000 
19688.050093038 0.000000000 
19688.051081398 0.000000000 
19688.052150944 0.000000000 
19688.053144935 0.000000000 
19688.054148735 0.000000000 
19688.055146391 0.000000000 
19688.056151115 0.000000000 
19688.057145210 0.000000000 
19688.058143867 0.000000000 
19688.059106345 0.000000000 
19688.060152650 0.000000000 
19688.061110293 0.000000000 
19688.062142342 0.000000000 
19688.063106404 0.000000000 
19688.064061095 0.000000000 
19688.065138267 0.000000000 
19688.066075907 0.000000000 
19688.067131175 0.000000000 
19688.068346299 0.000000000 
19688.069109633 0.000000000 
19688.070143141 0.000000000 
19688.071100636 0.000000000 
19688.072102928 0.000000000 
19688.073141447 0.000000000 
19688.074140893 0.000000000 
19688.075143626 0.000000000 
19688.076147742 0.000000000 
19688.077140036 0.000000000 
19688.078081164 0.000000000 
19688.079177681 0.000000000 
19688.080153000 0.000000000 
19688.081146205 0.000000000 
19688.082091015 0.000000000 
19688.083146469 0.000000000 
19688.084116553 0.000000000 
19688.085143794 0.000000000 
19688.086067501 0.000000000 
19688.087142450 0.000000000 
19688.088069148 0.000000000 
19688.089146877 0.000000000 
19688.090121935 0.000000000 
19688.091146122 0.000000000 
19688.092125639 0.000000000 
19688.093104298 0.000000000 
19688.094136351 0.000000000 
19688.095143359 0.000000000 
19688.096150567 0.000000000 
19688.097145591 0.000000000 
19688.098080954 0.000000000 
19688.099138745 0.000000000 
19688.100146274 0.000000000 
19688.101139716 0.000000000 
19688.102108373 0.000000000 
19688.103115200 0.000000000 
19688.104148551 0.000000000 
19688.105144145 0.000000000 
19688.106141924 0.000000000 
19688.107145147 0.000000000 
19688.108084221 0.000000000 
19688.109144823 0.000000000 
19688.110113602 0.000000000 
19688.111145867 0.000000000 
19688.112111870 0.000000000 
19688.113128215 0.000000000 
19688.114140996 0.000000000 
19688.115148708 0.000000000 
19688.116104163 0.000000000 
19688.117093804 0.000000000 
19688.118090980 0.000000000 
19688.119146241 0.000000000 
19688.120151926 0.000000000 
19688.121151794 0.000000000 
19688.122148186 0.000000000 
19688.123106277 0.000000000 
19688.124151140 0.000000000 
19688.125124201 0.000000000 
19688.126142595 0.000000000 
19688.127165333 0.000000000 
19688.128080693 0.000000000 
19688.129140726 0.000000000 
19688.130083462 0.000000000 
19688.131141165 0.000000000 
19688.132145978 0.000000000 
19688.133139971 0.000000000 
19688.134125600 0.000000000 
19688.135096094 0.000000000 
19688.136132454 0.000000000 
19688.137128652 0.000000000 
19688.138141377 0.000000000 
19688.139141469 0.000000000 
19688.140118609 0.000000000 
19688.141140275 0.000000000 
19688.142140332 0.000000000 
19688.143076058 0.000000000 
19688.144093740 0.000000000 
19688.145137466 0.000000000 
19688.146100428 0.000000000 
19688.147098205 0.000000000 
19688.148145253 0.000000000 
19688.149086662 0.000000000 
19688.150139749 0.000000000 
19688.151102677 0.000000000 
19688.152146438 0.000000000 
19688.153140501 0.000000000 
19688.154135000 0.000000000 
19688.155073728 0.000000000 
19688.156128489 0.000000000 
19688.157098577 0.000000000 
19688.158139758 0.000000000 
19688.159140752 0.000000000 
19688.160146261 0.000000000 
19688.161140514 0.000000000 
19688.162142846 0.000000000 
19688.163100487 0.000000000 
19688.164145917 0.000000000 
19688.165072572 0.000000000 
19688.166097766 0.000000000 
19688.167100168 0.000000000 
19688.168146780 0.000000000 
19688.169119866 0.000000000 
19688.170098374 0.000000000 
19688.171141364 0.000000000 
19688.172145615 0.000000000 
19688.173139072 0.000000000 
19688.174084630 0.000000000 
19688.175150105 0.000000000 
19688.176100003 0.000000000 
19688.177102150 0.000000000 
19688.178112961 0.000000000 
19688.179141327 0.000000000 
19688.180145603 0.000000000 
19688.181139361 0.000000000 
19688.182141272 0.000000000 
19688.183139560 0.000000000 
19688.184098303 0.000000000 
19688.185101817 0.000000000 
19688.186096632 0.000000000 
19688.187088430 0.000000000 
19688.188114892 0.000000000 
19688.189097635 0.000000000 
19688.190137647 0.000000000 
19688.191140034 0.000000000 
19688.192145884 0.000000000 
19688.193103640 0.000000000 
19688.194097808 0.000000000 
19688.195103267 0.000000000 
19688.196108786 0.000000000 
19688.197132147 0.000000000 
19688.198140973 0.000000000 
19688.199141106 0.000000000 
19688.200094416 0.000000000 
19688.201082952 0.000000000 
19688.202073803 0.000000000 
19688.203079633 0.000000000 
19688.204084175 0.000000000 
19688.205068586 0.000000000 
19688.206064589 0.000000000 
19688.207061868 0.000000000 
19688.208066326 0.000000000 
19688.209061562 0.000000000 
19688.210064114 0.000000000 
19688.211061991 0.000000000 
19688.212064228 0.000000000 
19688.213061137 0.000000000 
19688.214061670 0.000000000 
19688.215071244 0.000000000 
19688.216110745 0.000000000 
19688.217097311 0.000000000 
19688.218113179 0.000000000 
19688.219133437 0.000000000 
19688.220124618 0.000000000 
19688.221147699 0.000000000 
19688.222148348 0.000000000 
19688.223149911 0.000000000 
19688.224110578 0.000000000 
19688.225127797 0.000000000 
19688.226094008 0.000000000 
19688.227104836 0.000000000 
19688.228107489 0.000000000 
19688.229098765 0.000000000 
19688.230138038 0.000000000 
19688.231144113 0.000000000 
19688.232152323 0.000000000 
19688.233147335 0.000000000 
19688.234081878 0.000000000 
19688.235089258 0.000000000 
19688.236112920 0.000000000 
19688.237091587 0.000000000 
19688.238102937 0.000000000 
19688.239149710 0.000000000 
19688.240153269 0.000000000 
19688.241147131 0.000000000 
19688.242146846 0.000000000 
19688.243085399 0.000000000 
19688.244106587 0.000000000 
19688.245090468 0.000000000 
19688.246136350 0.000000000 
19688.247143321 0.000000000 
19688.248150373 0.000000000 
19688.249146949 0.000000000 
19688.250098200 0.000000000 
19688.251073979 0.000000000 
19688.252154100 0.000000000 
19688.253126954 0.000000000 
19688.254149197 0.000000000 
19688.255092627 0.000000000 
19688.370231112 0.000000000 
19688.370235701 0.000000000 
19688.370239371 0.000000000 
19688.370242991 0.000000000 
19688.370246623 0.000000000 
19688.370250218 0.000000000 
19688.370253913 0.000000000 
19688.370257637 0.000000000 
19688.370261262 0.000000000 
19688.370264866 0.000000000 
19688.370268424 0.000000000 
19688.370271975 0.000000000 
19688.370275600 0.000000000 
19688.370279191 0.000000000 
19688.370282747 0.000000000 
19688.370286302 0.000000000 
19688.370289854 0.000000000 
19688.370293432 0.000000000 
19688.370297022 0.000000000 
19688.370300579 0.000000000 
19688.370304132 0.000000000 
19688.370307707 0.000000000 
19688.370311349 0.000000000 
19688.370314879 0.000000000 
19688.370318453 0.000000000 
19688.370322074 0.000000000 
19688.370325619 0.000000000 
19688.370329175 0.000000000 
19688.370332867 0.000000000 
19688.370336429 0.000000000 
19688.370340050 0.000000000 
19688.370343596 0.000000000 
19688.370347182 0.000000000 
19688.370350760 0.000000000 
19688.370354316 0.000000000 
19688.370357865 0.000000000 
19688.370361420 0.000000000 
19688.370364984 0.000000000 
19688.370368531 0.000000000 
19688.370372089 0.000000000 
19688.370375644 0.000000000 
19688.370379189 0.000000000 
19688.370382743 0.000000000 
19688.370386293 0.000000000 
19688.370389849 0.000000000 
19688.370393405 0.000000000 
19688.370396964 0.000000000 
19688.370400587 0.000000000 
19688.370404269 0.000000000 
19688.370407979 0.000000000 
19688.370411574 0.000000000 
19688.370415159 0.000000000 
19688.370418740 0.000000000 
19688.370422323 0.000000000 
19688.370425901 0.000000000 
19688.370429491 0.000000000 
19688.370435502 0.000000000 
19688.370439233 0.000000000 
19688.370442773 0.000000000 
19688.370446289 0.000000000 
19688.370449811 0.000000000 
19688.370453315 0.000000000 
19688.370456909 0.000000000 
19688.370460405 0.000000000 
19688.370463980 0.000000000 
19688.370467552 0.000000000 
19688.370471063 0.000000000 
19688.370474557 0.000000000 
19688.370478062 0.000000000 
19688.370481565 0.000000000 
19688.370485067 0.000000000 
19688.370488557 0.000000000 
19688.370492094 0.000000000 
19688.370495599 0.000000000 
19688.370499097 0.000000000 
19688.370502604 0.000000000 
19688.370506105 0.000000000 
19688.370509603 0.000000000 
19688.370513110 0.000000000 
19688.370516615 0.000000000 
19688.370520111 0.000000000 
19688.370523612 0.000000000 
19688.370535667 0.000000000 
19688.370539449 0.000000000 
19688.370544109 0.000000000 
19688.370547898 0.000000000 
19688.370551529 0.000000000 
19688.370555147 0.000000000 
19688.370558680 0.000000000 
19688.370562133 0.000000000 
19688.370565534 0.000000000 
19688.370578406 0.000000000 
19688.370582048 0.000000000 
19688.370585698 0.000000000 
19688.370589294 0.000000000 
19688.370592919 0.000000000 
19688.370596466 0.000000000 
19688.370599988 0.000000000 
19688.370603516 0.000000000 
19688.370607035 0.000000000 
19688.370610555 0.000000000 
19688.370614083 0.000000000 
19688.370617609 0.000000000 
19688.370621130 0.000000000 
19688.370624772 0.000000000 
19688.370628389 0.000000000 
19688.370631921 0.000000000 
19688.370635449 0.000000000 
19688.370638988 0.000000000 
19688.370642539 0.000000000 
19688.370646061 0.000000000 
19688.370649591 0.000000000 
19688.370653125 0.000000000 
19688.370656668 0.000000000 
19688.370660249 0.000000000 
19688.371059628 0.000000000 
19688.372068580 0.000000000 
19688.373061666 0.000000000 
19688.374097651 0.000000000 
19688.375101057 0.000000000 
19688.376132159 0.000000000 
19688.377129081 0.000000000 
19688.378129714 0.000000000 
19688.379129531 0.000000000 
19688.380132472 0.000000000 
19688.381102767 0.000000000 
19688.382133282 0.000000000 
19688.383134022 0.000000000 
19688.384068814 0.000000000 
19688.385132266 0.000000000 
19688.386134735 0.000000000 
19688.387114823 0.000000000 
19688.388136577 0.000000000 
19688.389132583 0.000000000 
19688.390112219 0.000000000 
19688.391091688 0.000000000 
19688.392104254 0.000000000 
19688.393090910 0.000000000 
19688.394132068 0.000000000 
19688.395093917 0.000000000 
19688.396138099 0.000000000 
19688.397131715 0.000000000 
19688.398133240 0.000000000 
19688.399132310 0.000000000 
19688.400106019 0.000000000 
19688.401092966 0.000000000 
19688.402090594 0.000000000 
19688.403094651 0.000000000 
19688.404137761 0.000000000 
19688.405131264 0.000000000 
19688.406131357 0.000000000 
19688.407132047 0.000000000 
19688.408135666 0.000000000 
19688.409094958 0.000000000 
19688.410130438 0.000000000 
19688.411092558 0.000000000 
19688.412092862 0.000000000 
19688.413122627 0.000000000 
19688.414132854 0.000000000 
19688.415099186 0.000000000 
19688.416100885 0.000000000 
19688.417130692 0.000000000 
19688.418069646 0.000000000 
19688.419066260 0.000000000 
19688.420128264 0.000000000 
19688.421131074 0.000000000 
19688.422114592 0.000000000 
19688.423131897 0.000000000 
19688.424106891 0.000000000 
19688.425129140 0.000000000 
19688.426129752 0.000000000 
19688.427134364 0.000000000 
19688.428094489 0.000000000 
19688.429133048 0.000000000 
19688.430094432 0.000000000 
19688.431091489 0.000000000 
19688.432107802 0.000000000 
19688.433134918 0.000000000 
19688.434099780 0.000000000 
19688.435091151 0.000000000 
19688.436093555 0.000000000 
19688.437077890 0.000000000 
19688.438077967 0.000000000 
19688.439090044 0.000000000 
19688.440105226 0.000000000 
19688.441102515 0.000000000 
19688.442084999 0.000000000 
19688.443134258 0.000000000 
19688.444088832 0.000000000 
19688.445092615 0.000000000 
19688.446132666 0.000000000 
19688.447131837 0.000000000 
19688.448117252 0.000000000 
19688.449092681 0.000000000 
19688.450132253 0.000000000 
19688.451097554 0.000000000 
19688.452107390 0.000000000 
19688.453138226 0.000000000 
19688.454138160 0.000000000 
19688.455132279 0.000000000 
19688.456134703 0.000000000 
19688.457082832 0.000000000 
19688.458128044 0.000000000 
19688.459136716 0.000000000 
19688.460260037 0.000000000 
19688.461136361 0.000000000 
19688.462138735 0.000000000 
19688.463136996 0.000000000 
19688.464139807 0.000000000 
19688.465077696 0.000000000 
19688.466126417 0.000000000 
19688.467074494 0.000000000 
19688.468123090 0.000000000 
19688.469139409 0.000000000 
19688.470254419 0.000000000 
19688.471084407 0.000000000 
19688.472034464 0.000000000 
19688.473140491 0.000000000 
19688.474141976 0.000000000 
19688.475143265 0.000000000 
19688.476102003 0.000000000 
19688.477108034 0.000000000 
19688.478139878 0.000000000 
19688.479141293 0.000000000 
19688.480146947 0.000000000 
19688.481140108 0.000000000 
19688.482140932 0.000000000 
19688.483141304 0.000000000 
19688.484116805 0.000000000 
19688.485142511 0.000000000 
19688.486144186 0.000000000 
19688.487089980 0.000000000 
19688.488107732 0.000000000 
19688.489092960 0.000000000 
19688.490091351 0.000000000 
19688.491141509 0.000000000 
19688.492146346 0.000000000 
19688.493143883 0.000000000 
19688.494137259 0.000000000 
19688.495139822 0.000000000 
19688.496141963 0.000000000 
19688.497119835 0.000000000 
19688.498137817 0.000000000 
19688.499140680 0.000000000 
19688.500108193 0.000000000 
19688.501132811 0.000000000 
19688.502090689 0.000000000 
19688.503099017 0.000000000 
19688.504136549 0.000000000 
19688.505136250 0.000000000 
19688.506137618 0.000000000 
19688.507104422 0.000000000 
19688.508091016 0.000000000 
19688.509138498 0.000000000 
19688.510090811 0.000000000 
19688.511136627 0.000000000 
19688.626610549 0.000000000 
19688.626615355 0.000000000 
19688.626619164 0.000000000 
19688.626622903 0.000000000 
19688.626626784 0.000000000 
19688.626630459 0.000000000 
19688.626634080 0.000000000 
19688.626637688 0.000000000 
19688.626641294 0.000000000 
19688.626644926 0.000000000 
19688.626648534 0.000000000 
19688.626652134 0.000000000 
19688.626655751 0.000000000 
19688.626659574 0.000000000 
19688.626663182 0.000000000 
19688.626666799 0.000000000 
19688.626670411 0.000000000 
19688.626674040 0.000000000 
19688.626677657 0.000000000 
19688.626681267 0.000000000 
19688.626684878 0.000000000 
19688.626688515 0.000000000 
19688.626692130 0.000000000 
19688.626695738 0.000000000 
19688.626699355 0.000000000 
19688.626702986 0.000000000 
19688.626706597 0.000000000 
19688.626710211 0.000000000 
19688.626713823 0.000000000 
19688.626717457 0.000000000 
19688.626721071 0.000000000 
19688.626724766 0.000000000 
19688.626728376 0.000000000 
19688.626732012 0.000000000 
19688.626735625 0.000000000 
19688.626739235 0.000000000 
19688.626742849 0.000000000 
19688.626746485 0.000000000 
19688.626750095 0.000000000 
19688.626753710 0.000000000 
19688.626757322 0.000000000 
19688.626760939 0.000000000 
19688.626764558 0.000000000 
19688.626768170 0.000000000 
19688.626771778 0.000000000 
19688.626775401 0.000000000 
19688.626779014 0.000000000 
19688.626782668 0.000000000 
19688.626786298 0.000000000 
19688.626790094 0.000000000 
19688.626793712 0.000000000 
19688.626797435 0.000000000 
19688.626801152 0.000000000 
19688.626804750 0.000000000 
19688.626808343 0.000000000 
19688.626811928 0.000000000 
19688.626815514 0.000000000 
19688.626819107 0.000000000 
19688.626822698 0.000000000 
19688.626826281 0.000000000 
19688.626829912 0.000000000 
19688.626833546 0.000000000 
19688.626837146 0.000000000 
19688.626840733 0.000000000 
19688.626844318 0.000000000 
19688.626847909 0.000000000 
19688.626851578 0.000000000 
19688.626855218 0.000000000 
19688.626858795 0.000000000 
19688.626862382 0.000000000 
19688.626866007 0.000000000 
19688.626869611 0.000000000 
19688.626873207 0.000000000 
19688.626876804 0.000000000 
19688.626880395 0.000000000 
19688.626883993 0.000000000 
19688.626887578 0.000000000 
19688.626891176 0.000000000 
19688.626894756 0.000000000 
19688.626898358 0.000000000 
19688.626901950 0.000000000 
19688.626905558 0.000000000 
19688.626909185 0.000000000 
19688.626912825 0.000000000 
19688.626916600 0.000000000 
19688.626920212 0.000000000 
19688.626923816 0.000000000 
19688.626927424 0.000000000 
19688.626931075 0.000000000 
19688.626934696 0.000000000 
19688.626938302 0.000000000 
19688.626941904 0.000000000 
19688.626945550 0.000000000 
19688.626949166 0.000000000 
19688.626952772 0.000000000 
19688.626956368 0.000000000 
19688.626959985 0.000000000 
19688.626963591 0.000000000 
19688.626967193 0.000000000 
19688.626970801 0.000000000 
19688.626974407 0.000000000 
19688.626978015 0.000000000 
19688.626981706 0.000000000 
19688.626985394 0.000000000 
19688.626988996 0.000000000 
19688.626992602 0.000000000 
19688.626996217 0.000000000 
19688.626999818 0.000000000 
19688.627003427 0.000000000 
19688.627007037 0.000000000 
19688.627010637 0.000000000 
19688.627014249 0.000000000 
19688.627017895 0.000000000 
19688.627021516 0.000000000 
19688.627025112 0.000000000 
19688.627065157 0.000000000 
19688.628125827 0.000000000 
19688.629096828 0.000000000 
19688.630105321 0.000000000 
19688.631130613 0.000000000 
19688.632141195 0.000000000 
19688.633133778 0.000000000 
19688.634091258 0.000000000 
19688.635134557 0.000000000 
19688.636042812 0.000000000 
19688.637091544 0.000000000 
19688.638083540 0.000000000 
19688.639133187 0.000000000 
19688.640118205 0.000000000 
19688.641140743 0.000000000 
19688.642090661 0.000000000 
19688.643113736 0.000000000 
19688.644094082 0.000000000 
19688.645207777 0.000000000 
19688.646132628 0.000000000 
19688.647135481 0.000000000 
19688.648135352 0.000000000 
19688.649084502 0.000000000 
19688.650083696 0.000000000 
19688.651092512 0.000000000 
19688.652103878 0.000000000 
19688.653137001 0.000000000 
19688.654131679 0.000000000 
19688.655084684 0.000000000 
19688.656135598 0.000000000 
19688.657134754 0.000000000 
19688.658120189 0.000000000 
19688.659139776 0.000000000 
19688.660145200 0.000000000 
19688.661140351 0.000000000 
19688.662140338 0.000000000 
19688.663121511 0.000000000 
19688.664144606 0.000000000 
19688.665081895 0.000000000 
19688.666139031 0.000000000 
19688.667061655 0.000000000 
19688.668145043 0.000000000 
19688.669076589 0.000000000 
19688.670139755 0.000000000 
19688.671143991 0.000000000 
19688.672098312 0.000000000 
19688.673097651 0.000000000 
19688.674222868 0.000000000 
19688.675104683 0.000000000 
19688.676144616 0.000000000 
19688.677139065 0.000000000 
19688.678140996 0.000000000 
19688.679141950 0.000000000 
19688.680118433 0.000000000 
19688.681103466 0.000000000 
19688.682138337 0.000000000 
19688.683087953 0.000000000 
19688.684112111 0.000000000 
19688.685130404 0.000000000 
19688.686149835 0.000000000 
19688.687089500 0.000000000 
19688.688091280 0.000000000 
19688.689125855 0.000000000 
19688.690085220 0.000000000 
19688.691139605 0.000000000 
19688.692126422 0.000000000 
19688.693139408 0.000000000 
19688.694089622 0.000000000 
19688.695107389 0.000000000 
19688.696139338 0.000000000 
19688.697088477 0.000000000 
19688.698139426 0.000000000 
19688.699137624 0.000000000 
19688.700143775 0.000000000 
19688.701076940 0.000000000 
19688.702146625 0.000000000 
19688.703119219 0.000000000 
19688.704094856 0.000000000 
19688.705104810 0.000000000 
19688.706113386 0.000000000 
19688.707140780 0.000000000 
19688.708147076 0.000000000 
19688.709131783 0.000000000 
19688.710131760 0.000000000 
19688.711140070 0.000000000 
19688.712131522 0.000000000 
19688.713262323 0.000000000 
19688.714101969 0.000000000 
19688.715098954 0.000000000 
19688.716099917 0.000000000 
19688.717086549 0.000000000 
19688.718095060 0.000000000 
19688.719086657 0.000000000 
19688.720109235 0.000000000 
19688.721139005 0.000000000 
19688.722138926 0.000000000 
19688.723094923 0.000000000 
19688.724101283 0.000000000 
19688.725118751 0.000000000 
19688.726140120 0.000000000 
19688.727138629 0.000000000 
19688.728141562 0.000000000 
19688.729095770 0.000000000 
19688.730139341 0.000000000 
19688.731137719 0.000000000 
19688.732146195 0.000000000 
19688.733120178 0.000000000 
19688.734071207 0.000000000 
19688.735092055 0.000000000 
19688.736147505 0.000000000 
19688.737138771 0.000000000 
19688.738140517 0.000000000 
19688.739138219 0.000000000 
19688.740145407 0.000000000 
19688.741138858 0.000000000 
19688.742138940 0.000000000 
19688.743089956 0.000000000 
19688.744094768 0.000000000 
19688.745114610 0.000000000 
19688.746122480 0.000000000 
19688.747140187 0.000000000 
19688.748154030 0.000000000 
19688.749075463 0.000000000 
19688.750089245 0.000000000 
19688.751127750 0.000000000 
19688.752146124 0.000000000 
19688.753115035 0.000000000 
19688.754139287 0.000000000 
19688.755139349 0.000000000 
19688.756126386 0.000000000 
19688.757075176 0.000000000 
19688.758119158 0.000000000 
19688.759059999 0.000000000 
19688.760146117 0.000000000 
19688.761119258 0.000000000 
19688.762103404 0.000000000 
19688.763082864 0.000000000 
19688.764145728 0.000000000 
19688.765139025 0.000000000 
19688.766082266 0.000000000 
19688.767141654 0.000000000 
19688.882332148 0.000000000 
19688.882336689 0.000000000 
19688.882340511 0.000000000 
19688.882344248 0.000000000 
19688.882347944 0.000000000 
19688.882351620 0.000000000 
19688.882355245 0.000000000 
19688.882358813 0.000000000 
19688.882362398 0.000000000 
19688.882365985 0.000000000 
19688.882369684 0.000000000 
19688.882373284 0.000000000 
19688.882376837 0.000000000 
19688.882380458 0.000000000 
19688.882384020 0.000000000 
19688.882387580 0.000000000 
19688.882391129 0.000000000 
19688.882394686 0.000000000 
19688.882398248 0.000000000 
19688.882401816 0.000000000 
19688.882405591 0.000000000 
19688.882409191 0.000000000 
19688.882412769 0.000000000 
19688.882416352 0.000000000 
19688.882419931 0.000000000 
19688.882423524 0.000000000 
19688.882427092 0.000000000 
19688.882430663 0.000000000 
19688.882434233 0.000000000 
19688.882437923 0.000000000 
19688.882441498 0.000000000 
19688.882445085 0.000000000 
19688.882448659 0.000000000 
19688.882452263 0.000000000 
19688.882455815 0.000000000 
19688.882459381 0.000000000 
19688.882462934 0.000000000 
19688.882466496 0.000000000 
19688.882470138 0.000000000 
19688.882473693 0.000000000 
19688.882477246 0.000000000 
19688.882480802 0.000000000 
19688.882484372 0.000000000 
19688.882487930 0.000000000 
19688.882491479 0.000000000 
19688.882495036 0.000000000 
19688.882498590 0.000000000 
19688.882502130 0.000000000 
19688.882505688 0.000000000 
19688.882509245 0.000000000 
19688.882512811 0.000000000 
19688.882516365 0.000000000 
19688.882519907 0.000000000 
19688.882523486 0.000000000 
19688.882527035 0.000000000 
19688.882530595 0.000000000 
19688.882534233 0.000000000 
19688.882537788 0.000000000 
19688.882541352 0.000000000 
19688.882544912 0.000000000 
19688.882548471 0.000000000 
19688.882552022 0.000000000 
19688.882555586 0.000000000 
19688.882559150 0.000000000 
19688.882562723 0.000000000 
19688.882566280 0.000000000 
19688.882569842 0.000000000 
19688.882573402 0.000000000 
19688.882577006 0.000000000 
19688.882580597 0.000000000 
19688.882584184 0.000000000 
19688.882587739 0.000000000 
19688.882591299 0.000000000 
19688.882594863 0.000000000 
19688.882598522 0.000000000 
19688.882602075 0.000000000 
19688.882605711 0.000000000 
19688.882609268 0.000000000 
19688.882612836 0.000000000 
19688.882616388 0.000000000 
19688.882619950 0.000000000 
19688.882623516 0.000000000 
19688.882627063 0.000000000 
19688.882630614 0.000000000 
19688.882634182 0.000000000 
19688.882637746 0.000000000 
19688.882641301 0.000000000 
19688.882644859 0.000000000 
19688.882648429 0.000000000 
19688.882651989 0.000000000 
19688.882655553 0.000000000 
19688.882659173 0.000000000 
19688.882662733 0.000000000 
19688.882666282 0.000000000 
19688.882669836 0.000000000 
19688.882673397 0.000000000 
19688.882676961 0.000000000 
19688.882680534 0.000000000 
19688.882684100 0.000000000 
19688.882687644 0.000000000 
19688.882691198 0.000000000 
19688.882694764 0.000000000 
19688.882698321 0.000000000 
19688.882701864 0.000000000 
19688.882705418 0.000000000 
19688.882708986 0.000000000 
19688.882712554 0.000000000 
19688.882716111 0.000000000 
19688.882719675 0.000000000 
19688.882723319 0.000000000 
19688.882726881 0.000000000 
19688.882730437 0.000000000 
19688.882733988 0.000000000 
19688.882737554 0.000000000 
19688.882741105 0.000000000 
19688.883073021 0.000000000 
19688.884102525 0.000000000 
19688.885133926 0.000000000 
19688.886133272 0.000000000 
19688.887087539 0.000000000 
19688.888076854 0.000000000 
19688.889137322 0.000000000 
19688.890078159 0.000000000 
19688.891139135 0.000000000 
19688.892144348 0.000000000 
19688.893140556 0.000000000 
19688.894100963 0.000000000 
19688.895097081 0.000000000 
19688.896145427 0.000000000 
19688.897100871 0.000000000 
19688.898140049 0.000000000 
19688.899140020 0.000000000 
19688.900141471 0.000000000 
19688.901114546 0.000000000 
19688.902140146 0.000000000 
19688.903139922 0.000000000 
19688.904143823 0.000000000 
19688.905140417 0.000000000 
19688.906140012 0.000000000 
19688.907099597 0.000000000 
19688.908144020 0.000000000 
19688.909139201 0.000000000 
19688.910120720 0.000000000 
19688.911108239 0.000000000 
19688.912120633 0.000000000 
19688.913138952 0.000000000 
19688.914139865 0.000000000 
19688.915140749 0.000000000 
19688.916116451 0.000000000 
19688.917097669 0.000000000 
19688.918139526 0.000000000 
19688.919139794 0.000000000 
19688.920146641 0.000000000 
19688.921101510 0.000000000 
19688.922125912 0.000000000 
19688.923093491 0.000000000 
19688.924126573 0.000000000 
19688.925117205 0.000000000 
19688.926078587 0.000000000 
19688.927138094 0.000000000 
19688.928145202 0.000000000 
19688.929139726 0.000000000 
19688.930104072 0.000000000 
19688.931140711 0.000000000 
19688.932110590 0.000000000 
19688.933140875 0.000000000 
19688.934082137 0.000000000 
19688.935139921 0.000000000 
19688.936126006 0.000000000 
19688.937139358 0.000000000 
19688.938139380 0.000000000 
19688.939141697 0.000000000 
19688.940145127 0.000000000 
19688.941139175 0.000000000 
19688.942097853 0.000000000 
19688.943097721 0.000000000 
19688.944147855 0.000000000 
19688.945124454 0.000000000 
19688.946139134 0.000000000 
19688.947140689 0.000000000 
19688.948144404 0.000000000 
19688.949068730 0.000000000 
19688.950090886 0.000000000 
19688.951067032 0.000000000 
19688.952099268 0.000000000 
19688.953083624 0.000000000 
19688.954083606 0.000000000 
19688.955084625 0.000000000 
19688.956085584 0.000000000 
19688.957081596 0.000000000 
19688.958107582 0.000000000 
19688.959136489 0.000000000 
19688.960147656 0.000000000 
19688.961141554 0.000000000 
19688.962141265 0.000000000 
19688.963102649 0.000000000 
19688.964146335 0.000000000 
19688.965087869 0.000000000 
19688.966082870 0.000000000 
19688.967105342 0.000000000 
19688.968099441 0.000000000 
19688.969099302 0.000000000 
19688.970088429 0.000000000 
19688.971084803 0.000000000 
19688.972078044 0.000000000 
19688.973097565 0.000000000 
19688.974106492 0.000000000 
19688.975130243 0.000000000 
19688.976145444 0.000000000 
19688.977137994 0.000000000 
19688.978075343 0.000000000 
19688.979142813 0.000000000 
19688.980145616 0.000000000 
19688.981140511 0.000000000 
19688.982140954 0.000000000 
19688.983139527 0.000000000 
19688.984144390 0.000000000 
19688.985076117 0.000000000 
19688.986102974 0.000000000 
19688.987121503 0.000000000 
19688.988072002 0.000000000 
19688.989132742 0.000000000 
19688.990073740 0.000000000 
19688.991142944 0.000000000 
19688.992148538 0.000000000 
19688.993142326 0.000000000 
19688.994116574 0.000000000 
19688.995120625 0.000000000 
19688.996148365 0.000000000 
19688.997141055 0.000000000 
19688.998102348 0.000000000 
19688.999141213 0.000000000 
19689.000101049 0.000000000 
19689.001087931 0.000000000 
19689.002107323 0.000000000 
19689.003086801 0.000000000 
19689.004079082 0.000000000 
19689.005069725 0.000000000 
19689.006092159 0.000000000 
19689.007086533 0.000000000 
19689.008146145 0.000000000 
19689.009140885 0.000000000 
19689.010072293 0.000000000 
19689.011141114 0.000000000 
19689.012147725 0.000000000 
19689.013141859 0.000000000 
19689.014142101 0.000000000 
19689.015111922 0.000000000 
19689.016089358 0.000000000 
19689.017093389 0.000000000 
19689.018115818 0.000000000 
19689.019144987 0.000000000 
19689.020149726 0.000000000 
19689.021125278 0.000000000 
19689.022144413 0.000000000 
19689.023140728 0.000000000 
19689.126566246 0.000000000 
19689.126570510 0.000000000 
19689.126574080 0.000000000 
19689.126577521 0.000000000 
19689.126580909 0.000000000 
19689.126584341 0.000000000 
19689.126588312 0.000000000 
19689.126591798 0.000000000 
19689.126595457 0.000000000 
19689.126598983 0.000000000 
19689.126602450 0.000000000 
19689.126606039 0.000000000 
19689.126609554 0.000000000 
19689.126613122 0.000000000 
19689.126616576 0.000000000 
19689.126620156 0.000000000 
19689.126623574 0.000000000 
19689.126627014 0.000000000 
19689.126630544 0.000000000 
19689.126634034 0.000000000 
19689.126637430 0.000000000 
19689.126640834 0.000000000 
19689.126644333 0.000000000 
19689.126647691 0.000000000 
19689.126651237 0.000000000 
19689.126654609 0.000000000 
19689.126657984 0.000000000 
19689.126661366 0.000000000 
19689.126664908 0.000000000 
19689.126668314 0.000000000 
19689.126671737 0.000000000 
19689.126675276 0.000000000 
19689.126678679 0.000000000 
19689.126682077 0.000000000 
19689.126685736 0.000000000 
19689.126689115 0.000000000 
19689.126692573 0.000000000 
19689.126696115 0.000000000 
19689.126699496 0.000000000 
19689.126703019 0.000000000 
19689.126706409 0.000000000 
19689.126709942 0.000000000 
19689.126713324 0.000000000 
19689.126716850 0.000000000 
19689.126720372 0.000000000 
19689.126723726 0.000000000 
19689.126727101 0.000000000 
19689.126730524 0.000000000 
19689.126734039 0.000000000 
19689.126737413 0.000000000 
19689.126740945 0.000000000 
19689.126744322 0.000000000 
19689.126747712 0.000000000 
19689.126751104 0.000000000 
19689.126754450 0.000000000 
19689.126757899 0.000000000 
19689.126761407 0.000000000 
19689.126764787 0.000000000 
19689.126768139 0.000000000 
19689.126771653 0.000000000 
19689.126775045 0.000000000 
19689.126778553 0.000000000 
19689.126781918 0.000000000 
19689.126785404 0.000000000 
19689.126788765 0.000000000 
19689.126792169 0.000000000 
19689.126795681 0.000000000 
19689.126799053 0.000000000 
19689.126802563 0.000000000 
19689.126805935 0.000000000 
19689.126809294 0.000000000 
19689.126812784 0.000000000 
19689.126816276 0.000000000 
19689.126819844 0.000000000 
19689.126823214 0.000000000 
19689.126826549 0.000000000 
19689.126830041 0.000000000 
19689.126833415 0.000000000 
19689.126836792 0.000000000 
19689.126840168 0.000000000 
19689.126843530 0.000000000 
19689.126847076 0.000000000 
19689.126850608 0.000000000 
19689.126854014 0.000000000 
19689.126857421 0.000000000 
19689.126860965 0.000000000 
19689.126864348 0.000000000 
19689.126867693 0.000000000 
19689.126871203 0.000000000 
19689.126874596 0.000000000 
19689.126877984 0.000000000 
19689.126881486 0.000000000 
19689.126884926 0.000000000 
19689.126888294 0.000000000 
19689.126891788 0.000000000 
19689.126895153 0.000000000 
19689.126898497 0.000000000 
19689.126901869 0.000000000 
19689.126905224 0.000000000 
19689.126908580 0.000000000 
19689.126911934 0.000000000 
19689.126915301 0.000000000 
19689.126918681 0.000000000 
19689.127060618 0.000000000 
19689.128125598 0.000000000 
19689.129114693 0.000000000 
19689.130117485 0.000000000 
19689.131091314 0.000000000 
19689.132119821 0.000000000 
19689.133139322 0.000000000 
19689.134088213 0.000000000 
19689.135139296 0.000000000 
19689.136145386 0.000000000 
19689.137140191 0.000000000 
19689.138140654 0.000000000 
19689.139106082 0.000000000 
19689.140099534 0.000000000 
19689.141130787 0.000000000 
19689.142140831 0.000000000 
19689.143142452 0.000000000 
19689.144105890 0.000000000 
19689.145071805 0.000000000 
19689.146140292 0.000000000 
19689.147139271 0.000000000 
19689.148144921 0.000000000 
19689.149099112 0.000000000 
19689.150079931 0.000000000 
19689.151085606 0.000000000 
19689.152147734 0.000000000 
19689.153142178 0.000000000 
19689.154140872 0.000000000 
19689.155139976 0.000000000 
19689.156145806 0.000000000 
19689.157142019 0.000000000 
19689.158142778 0.000000000 
19689.159122157 0.000000000 
19689.160089475 0.000000000 
19689.161138904 0.000000000 
19689.162141006 0.000000000 
19689.163142155 0.000000000 
19689.164146281 0.000000000 
19689.165095472 0.000000000 
19689.166075449 0.000000000 
19689.167080106 0.000000000 
19689.168124589 0.000000000 
19689.169138577 0.000000000 
19689.170073756 0.000000000 
19689.171086592 0.000000000 
19689.172097353 0.000000000 
19689.173138338 0.000000000 
19689.174090902 0.000000000 
19689.175139905 0.000000000 
19689.176145605 0.000000000 
19689.177139593 0.000000000 
19689.178138913 0.000000000 
19689.179077385 0.000000000 
19689.180101857 0.000000000 
19689.181139550 0.000000000 
19689.182123700 0.000000000 
19689.183141382 0.000000000 
19689.184097354 0.000000000 
19689.185142826 0.000000000 
19689.186140659 0.000000000 
19689.187092308 0.000000000 
19689.188147695 0.000000000 
19689.189087527 0.000000000 
19689.190095737 0.000000000 
19689.191135092 0.000000000 
19689.192136304 0.000000000 
19689.193132459 0.000000000 
19689.194097309 0.000000000 
19689.195097386 0.000000000 
19689.196134979 0.000000000 
19689.197087574 0.000000000 
19689.198134762 0.000000000 
19689.199101188 0.000000000 
19689.200134184 0.000000000 
19689.201083900 0.000000000 
19689.202121597 0.000000000 
19689.203131455 0.000000000 
19689.204135717 0.000000000 
19689.205132429 0.000000000 
19689.206084399 0.000000000 
19689.207133772 0.000000000 
19689.208135718 0.000000000 
19689.209082316 0.000000000 
19689.210139304 0.000000000 
19689.211075816 0.000000000 
19689.212144562 0.000000000 
19689.213142401 0.000000000 
19689.214141365 0.000000000 
19689.215136887 0.000000000 
19689.216146851 0.000000000 
19689.217081367 0.000000000 
19689.218135954 0.000000000 
19689.219101232 0.000000000 
19689.220119383 0.000000000 
19689.221120329 0.000000000 
19689.222102966 0.000000000 
19689.223139426 0.000000000 
19689.224144739 0.000000000 
19689.225137650 0.000000000 
19689.226139140 0.000000000 
19689.227136757 0.000000000 
19689.228145188 0.000000000 
19689.229140273 0.000000000 
19689.230098826 0.000000000 
19689.231085457 0.000000000 
19689.232099197 0.000000000 
19689.233135930 0.000000000 
19689.234081613 0.000000000 
19689.235070552 0.000000000 
19689.236099973 0.000000000 
19689.237075660 0.000000000 
19689.238066424 0.000000000 
19689.239073007 0.000000000 
19689.240073239 0.000000000 
19689.241063394 0.000000000 
19689.242062128 0.000000000 
19689.243061248 0.000000000 
19689.244114365 0.000000000 
19689.245147166 0.000000000 
19689.246140092 0.000000000 
19689.247132358 0.000000000 
19689.248090788 0.000000000 
19689.249103890 0.000000000 
19689.250140370 0.000000000 
19689.251068593 0.000000000 
19689.252145103 0.000000000 
19689.253136150 0.000000000 
19689.254140451 0.000000000 
19689.255097613 0.000000000 
19689.256148524 0.000000000 
19689.257137477 0.000000000 
19689.258136798 0.000000000 
19689.259139857 0.000000000 
19689.260143806 0.000000000 
19689.261136819 0.000000000 
19689.262139287 0.000000000 
19689.263201924 0.000000000 
19689.264124128 0.000000000 
19689.265140545 0.000000000 
19689.266140354 0.000000000 
19689.267090762 0.000000000 
19689.268123592 0.000000000 
19689.269103528 0.000000000 
19689.270136124 0.000000000 
19689.271079282 0.000000000 
19689.272147749 0.000000000 
19689.273141376 0.000000000 
19689.274091909 0.000000000 
19689.275139149 0.000000000 
19689.276129093 0.000000000 
19689.277138155 0.000000000 
19689.278141189 0.000000000 
19689.279141281 0.000000000 
19689.388725376 0.000000000 
19689.388729742 0.000000000 
19689.388733250 0.000000000 
19689.388736648 0.000000000 
19689.388740154 0.000000000 
19689.388743638 0.000000000 
19689.388747571 0.000000000 
19689.388750987 0.000000000 
19689.388754667 0.000000000 
19689.388758063 0.000000000 
19689.388761659 0.000000000 
19689.388765153 0.000000000 
19689.388768727 0.000000000 
19689.388772185 0.000000000 
19689.388775686 0.000000000 
19689.388779074 0.000000000 
19689.388782530 0.000000000 
19689.388786050 0.000000000 
19689.388789550 0.000000000 
19689.388792905 0.000000000 
19689.388796420 0.000000000 
19689.388799941 0.000000000 
19689.388803420 0.000000000 
19689.388806904 0.000000000 
19689.388810373 0.000000000 
19689.388813855 0.000000000 
19689.388817318 0.000000000 
19689.388820793 0.000000000 
19689.388824257 0.000000000 
19689.388827739 0.000000000 
19689.388831197 0.000000000 
19689.388834735 0.000000000 
19689.388838291 0.000000000 
19689.388841785 0.000000000 
19689.388845170 0.000000000 
19689.388848663 0.000000000 
19689.388852302 0.000000000 
19689.388855768 0.000000000 
19689.388859238 0.000000000 
19689.388862684 0.000000000 
19689.388866146 0.000000000 
19689.388869648 0.000000000 
19689.388873108 0.000000000 
19689.388876604 0.000000000 
19689.388880104 0.000000000 
19689.388883568 0.000000000 
19689.388887023 0.000000000 
19689.388890498 0.000000000 
19689.388893959 0.000000000 
19689.388897420 0.000000000 
19689.388900981 0.000000000 
19689.388904661 0.000000000 
19689.388908234 0.000000000 
19689.388911710 0.000000000 
19689.388915189 0.000000000 
19689.388918677 0.000000000 
19689.388922139 0.000000000 
19689.388925647 0.000000000 
19689.388929129 0.000000000 
19689.388932611 0.000000000 
19689.388936067 0.000000000 
19689.388939551 0.000000000 
19689.388943041 0.000000000 
19689.388946376 0.000000000 
19689.388949868 0.000000000 
19689.388953336 0.000000000 
19689.388956822 0.000000000 
19689.388960276 0.000000000 
19689.388963822 0.000000000 
19689.388967274 0.000000000 
19689.388970766 0.000000000 
19689.388974250 0.000000000 
19689.388977705 0.000000000 
19689.388981199 0.000000000 
19689.388984730 0.000000000 
19689.388988182 0.000000000 
19689.388991667 0.000000000 
19689.388995142 0.000000000 
19689.388998621 0.000000000 
19689.389001980 0.000000000 
19689.389005475 0.000000000 
19689.389008973 0.000000000 
19689.389012470 0.000000000 
19689.389015920 0.000000000 
19689.389019524 0.000000000 
19689.389022918 0.000000000 
19689.389026413 0.000000000 
19689.389029974 0.000000000 
19689.389033440 0.000000000 
19689.389036954 0.000000000 
19689.389040344 0.000000000 
19689.389043726 0.000000000 
19689.389047187 0.000000000 
19689.389050633 0.000000000 
19689.389054107 0.000000000 
19689.389057607 0.000000000 
19689.389061079 0.000000000 
19689.389064531 0.000000000 
19689.389067987 0.000000000 
19689.389071460 0.000000000 
19689.389074923 0.000000000 
19689.389078369 0.000000000 
19689.389081828 0.000000000 
19689.389085292 0.000000000 
19689.389088752 0.000000000 
19689.389092306 0.000000000 
19689.389095758 0.000000000 
19689.389099218 0.000000000 
19689.389102671 0.000000000 
19689.389109146 0.000000000 
19689.390096564 0.000000000 
19689.391105766 0.000000000 
19689.392130113 0.000000000 
19689.393094430 0.000000000 
19689.394124422 0.000000000 
19689.395113474 0.000000000 
19689.396129011 0.000000000 
19689.397132949 0.000000000 
19689.398132130 0.000000000 
19689.399128614 0.000000000 
19689.400116694 0.000000000 
19689.401117616 0.000000000 
19689.402087337 0.000000000 
19689.403061263 0.000000000 
19689.404129456 0.000000000 
19689.405069854 0.000000000 
19689.406086919 0.000000000 
19689.407085187 0.000000000 
19689.408090260 0.000000000 
19689.409062654 0.000000000 
19689.410065893 0.000000000 
19689.411061841 0.000000000 
19689.412069220 0.000000000 
19689.413062902 0.000000000 
19689.414061576 0.000000000 
19689.415083532 0.000000000 
19689.416089372 0.000000000 
19689.417084488 0.000000000 
19689.418085236 0.000000000 
19689.419084486 0.000000000 
19689.420067223 0.000000000 
19689.421084695 0.000000000 
19689.422071702 0.000000000 
19689.423113524 0.000000000 
19689.424153996 0.000000000 
19689.425110545 0.000000000 
19689.426140340 0.000000000 
19689.427139660 0.000000000 
19689.428144903 0.000000000 
19689.429149821 0.000000000 
19689.430089877 0.000000000 
19689.431140544 0.000000000 
19689.432076961 0.000000000 
19689.433085172 0.000000000 
19689.434070500 0.000000000 
19689.435085666 0.000000000 
19689.436088845 0.000000000 
19689.437085379 0.000000000 
19689.438085320 0.000000000 
19689.439085352 0.000000000 
19689.440102104 0.000000000 
19689.441084689 0.000000000 
19689.442084129 0.000000000 
19689.443084276 0.000000000 
19689.444118765 0.000000000 
19689.445075806 0.000000000 
19689.446063254 0.000000000 
19689.447061908 0.000000000 
19689.448064781 0.000000000 
19689.449061255 0.000000000 
19689.450061632 0.000000000 
19689.451079630 0.000000000 
19689.452107991 0.000000000 
19689.453132313 0.000000000 
19689.454098087 0.000000000 
19689.455140530 0.000000000 
19689.456145738 0.000000000 
19689.457142648 0.000000000 
19689.458144900 0.000000000 
19689.459140722 0.000000000 
19689.460110876 0.000000000 
19689.461086500 0.000000000 
19689.462142366 0.000000000 
19689.463142633 0.000000000 
19689.464147596 0.000000000 
19689.465138793 0.000000000 
19689.466135673 0.000000000 
19689.467119828 0.000000000 
19689.468145007 0.000000000 
19689.469068781 0.000000000 
19689.470141346 0.000000000 
19689.471086727 0.000000000 
19689.472141099 0.000000000 
19689.473112121 0.000000000 
19689.474088710 0.000000000 
19689.475143569 0.000000000 
19689.476146260 0.000000000 
19689.477141795 0.000000000 
19689.478142996 0.000000000 
19689.479141027 0.000000000 
19689.480154359 0.000000000 
19689.481123878 0.000000000 
19689.482243745 0.000000000 
19689.483135902 0.000000000 
19689.484094170 0.000000000 
19689.485102505 0.000000000 
19689.486134712 0.000000000 
19689.487060108 0.000000000 
19689.488132763 0.000000000 
19689.489131935 0.000000000 
19689.490099092 0.000000000 
19689.491085152 0.000000000 
19689.492069216 0.000000000 
19689.493102511 0.000000000 
19689.494133102 0.000000000 
19689.495106937 0.000000000 
19689.496118689 0.000000000 
19689.497132069 0.000000000 
19689.498132038 0.000000000 
19689.499142504 0.000000000 
19689.500100586 0.000000000 
19689.501095573 0.000000000 
19689.502134730 0.000000000 
19689.503097425 0.000000000 
19689.504100892 0.000000000 
19689.505131018 0.000000000 
19689.506105179 0.000000000 
19689.507134592 0.000000000 
19689.508136408 0.000000000 
19689.509097465 0.000000000 
19689.510120916 0.000000000 
19689.511133272 0.000000000 
19689.512136206 0.000000000 
19689.513133368 0.000000000 
19689.514130737 0.000000000 
19689.515131739 0.000000000 
19689.516137524 0.000000000 
19689.517100838 0.000000000 
19689.518131453 0.000000000 
19689.519131331 0.000000000 
19689.520093506 0.000000000 
19689.521130484 0.000000000 
19689.522135686 0.000000000 
19689.523113623 0.000000000 
19689.524115396 0.000000000 
19689.525131035 0.000000000 
19689.526131387 0.000000000 
19689.527130726 0.000000000 
19689.528136253 0.000000000 
19689.529085025 0.000000000 
19689.530100753 0.000000000 
19689.531129272 0.000000000 
19689.532103803 0.000000000 
19689.533135434 0.000000000 
19689.534095082 0.000000000 
19689.535100945 0.000000000 
19689.634722117 0.000000000 
19689.634726549 0.000000000 
19689.634729614 0.000000000 
19689.634734187 0.000000000 
19689.634738050 0.000000000 
19689.634741804 0.000000000 
19689.634745411 0.000000000 
19689.634748943 0.000000000 
19689.634752433 0.000000000 
19689.634756045 0.000000000 
19689.634759409 0.000000000 
19689.634762560 0.000000000 
19689.634765790 0.000000000 
19689.634769001 0.000000000 
19689.634772140 0.000000000 
19689.634775286 0.000000000 
19689.634778397 0.000000000 
19689.634781519 0.000000000 
19689.634784625 0.000000000 
19689.634787829 0.000000000 
19689.634790966 0.000000000 
19689.634794085 0.000000000 
19689.634797205 0.000000000 
19689.634800323 0.000000000 
19689.634803403 0.000000000 
19689.634806477 0.000000000 
19689.634809573 0.000000000 
19689.634812698 0.000000000 
19689.634815790 0.000000000 
19689.634818874 0.000000000 
19689.634822050 0.000000000 
19689.634825137 0.000000000 
19689.634828207 0.000000000 
19689.634831287 0.000000000 
19689.634834363 0.000000000 
19689.634837445 0.000000000 
19689.634840547 0.000000000 
19689.634843650 0.000000000 
19689.634846734 0.000000000 
19689.634849808 0.000000000 
19689.634852978 0.000000000 
19689.634856069 0.000000000 
19689.634859153 0.000000000 
19689.634862246 0.000000000 
19689.634865343 0.000000000 
19689.634868429 0.000000000 
19689.634871555 0.000000000 
19689.634874623 0.000000000 
19689.634877710 0.000000000 
19689.634880806 0.000000000 
19689.634883879 0.000000000 
19689.634886945 0.000000000 
19689.634890041 0.000000000 
19689.634893117 0.000000000 
19689.634896196 0.000000000 
19689.634899278 0.000000000 
19689.634902360 0.000000000 
19689.634905457 0.000000000 
19689.634908552 0.000000000 
19689.634911636 0.000000000 
19689.634914789 0.000000000 
19689.634917879 0.000000000 
19689.634920956 0.000000000 
19689.634924062 0.000000000 
19689.634927138 0.000000000 
19689.634930256 0.000000000 
19689.634933323 0.000000000 
19689.634936508 0.000000000 
19689.634947657 0.000000000 
19689.634951127 0.000000000 
19689.634954466 0.000000000 
19689.634957761 0.000000000 
19689.634961139 0.000000000 
19689.634964526 0.000000000 
19689.634967860 0.000000000 
19689.634971188 0.000000000 
19689.634974478 0.000000000 
19689.634977793 0.000000000 
19689.634981128 0.000000000 
19689.634984415 0.000000000 
19689.634987695 0.000000000 
19689.634991015 0.000000000 
19689.634994328 0.000000000 
19689.635005186 0.000000000 
19689.635008332 0.000000000 
19689.635011473 0.000000000 
19689.635014559 0.000000000 
19689.635017643 0.000000000 
19689.635020710 0.000000000 
19689.635023770 0.000000000 
19689.635026847 0.000000000 
19689.635029917 0.000000000 
19689.635032988 0.000000000 
19689.635036041 0.000000000 
19689.635039119 0.000000000 
19689.635042185 0.000000000 
19689.635045314 0.000000000 
19689.635048387 0.000000000 
19689.635051459 0.000000000 
19689.635054522 0.000000000 
19689.636063990 0.000000000 
19689.637059938 0.000000000 
19689.638059824 0.000000000 
19689.639114856 0.000000000 
19689.640111214 0.000000000 
19689.641102180 0.000000000 
19689.642139407 0.000000000 
19689.643139258 0.000000000 
19689.644144286 0.000000000 
19689.645103891 0.000000000 
19689.646091304 0.000000000 
19689.647142056 0.000000000 
19689.648146879 0.000000000 
19689.649120160 0.000000000 
19689.650089973 0.000000000 
19689.651088243 0.000000000 
19689.652122676 0.000000000 
19689.653114845 0.000000000 
19689.654140174 0.000000000 
19689.655140376 0.000000000 
19689.656145089 0.000000000 
19689.657141061 0.000000000 
19689.658141293 0.000000000 
19689.659115050 0.000000000 
19689.660099061 0.000000000 
19689.661094582 0.000000000 
19689.662142503 0.000000000 
19689.663140074 0.000000000 
19689.664154612 0.000000000 
19689.665143109 0.000000000 
19689.666143031 0.000000000 
19689.667097639 0.000000000 
19689.668119486 0.000000000 
19689.669099036 0.000000000 
19689.670093776 0.000000000 
19689.671101786 0.000000000 
19689.672109761 0.000000000 
19689.673131838 0.000000000 
19689.674141491 0.000000000 
19689.675141503 0.000000000 
19689.676147448 0.000000000 
19689.677137953 0.000000000 
19689.678141924 0.000000000 
19689.679102205 0.000000000 
19689.680106737 0.000000000 
19689.681125281 0.000000000 
19689.682141239 0.000000000 
19689.683142874 0.000000000 
19689.684101342 0.000000000 
19689.685114378 0.000000000 
19689.686144558 0.000000000 
19689.687131145 0.000000000 
19689.688147574 0.000000000 
19689.689090335 0.000000000 
19689.690079242 0.000000000 
19689.691118513 0.000000000 
19689.692155648 0.000000000 
19689.693094532 0.000000000 
19689.694140939 0.000000000 
19689.695098464 0.000000000 
19689.696143954 0.000000000 
19689.697142453 0.000000000 
19689.698137759 0.000000000 
19689.699142331 0.000000000 
19689.700145650 0.000000000 
19689.701084914 0.000000000 
19689.702103317 0.000000000 
19689.703114314 0.000000000 
19689.704087905 0.000000000 
19689.705138758 0.000000000 
19689.706141230 0.000000000 
19689.707141437 0.000000000 
19689.708092361 0.000000000 
19689.709094268 0.000000000 
19689.710140380 0.000000000 
19689.711117975 0.000000000 
19689.712140718 0.000000000 
19689.713147647 0.000000000 
19689.714136355 0.000000000 
19689.715134547 0.000000000 
19689.716134599 0.000000000 
19689.717088682 0.000000000 
19689.718090111 0.000000000 
19689.719090686 0.000000000 
19689.720107981 0.000000000 
19689.721097657 0.000000000 
19689.722120116 0.000000000 
19689.723132396 0.000000000 
19689.724137094 0.000000000 
19689.725131068 0.000000000 
19689.726129947 0.000000000 
19689.727133369 0.000000000 
19689.728137833 0.000000000 
19689.729132885 0.000000000 
19689.730130482 0.000000000 
19689.731133730 0.000000000 
19689.732134115 0.000000000 
19689.733103804 0.000000000 
19689.734066751 0.000000000 
19689.735134469 0.000000000 
19689.736138691 0.000000000 
19689.737133921 0.000000000 
19689.738133678 0.000000000 
19689.739133824 0.000000000 
19689.740136785 0.000000000 
19689.741113993 0.000000000 
19689.742101426 0.000000000 
19689.743106647 0.000000000 
19689.744132184 0.000000000 
19689.745129812 0.000000000 
19689.746130425 0.000000000 
19689.747087477 0.000000000 
19689.748136899 0.000000000 
19689.749106255 0.000000000 
19689.750067872 0.000000000 
19689.751074871 0.000000000 
19689.752098522 0.000000000 
19689.753142764 0.000000000 
19689.754140721 0.000000000 
19689.755141414 0.000000000 
19689.756078330 0.000000000 
19689.757141548 0.000000000 
19689.758141785 0.000000000 
19689.759141110 0.000000000 
19689.760147491 0.000000000 
19689.761141279 0.000000000 
19689.762090250 0.000000000 
19689.763141383 0.000000000 
19689.764146927 0.000000000 
19689.765098634 0.000000000 
19689.766139599 0.000000000 
19689.767121369 0.000000000 
19689.768146443 0.000000000 
19689.769109431 0.000000000 
19689.770142783 0.000000000 
19689.771147726 0.000000000 
19689.772147252 0.000000000 
19689.773112093 0.000000000 
19689.774112486 0.000000000 
19689.775139629 0.000000000 
19689.776102911 0.000000000 
19689.777087963 0.000000000 
19689.778133268 0.000000000 
19689.779133282 0.000000000 
19689.780138346 0.000000000 
19689.781087891 0.000000000 
19689.782153755 0.000000000 
19689.783095185 0.000000000 
19689.784135648 0.000000000 
19689.785132257 0.000000000 
19689.786089019 0.000000000 
19689.787132305 0.000000000 
19689.788109288 0.000000000 
19689.789081998 0.000000000 
19689.790095809 0.000000000 
19689.791135815 0.000000000 
19689.900878777 0.000000000 
19689.900883490 0.000000000 
19689.900887257 0.000000000 
19689.900890799 0.000000000 
19689.900894317 0.000000000 
19689.900898390 0.000000000 
19689.900902050 0.000000000 
19689.900905751 0.000000000 
19689.900909211 0.000000000 
19689.900912592 0.000000000 
19689.900915972 0.000000000 
19689.900919462 0.000000000 
19689.900922848 0.000000000 
19689.900926343 0.000000000 
19689.900929878 0.000000000 
19689.900933256 0.000000000 
19689.900936787 0.000000000 
19689.900940189 0.000000000 
19689.900943695 0.000000000 
19689.900947061 0.000000000 
19689.900950551 0.000000000 
19689.900953928 0.000000000 
19689.900957436 0.000000000 
19689.900960810 0.000000000 
19689.900964320 0.000000000 
19689.900967706 0.000000000 
19689.900971214 0.000000000 
19689.900974597 0.000000000 
19689.900977971 0.000000000 
19689.900981495 0.000000000 
19689.900984916 0.000000000 
19689.900988272 0.000000000 
19689.900991778 0.000000000 
19689.900995180 0.000000000 
19689.900998702 0.000000000 
19689.901002222 0.000000000 
19689.901005600 0.000000000 
19689.901008975 0.000000000 
19689.901012487 0.000000000 
19689.901015849 0.000000000 
19689.901019455 0.000000000 
19689.901022845 0.000000000 
19689.901026379 0.000000000 
19689.901029963 0.000000000 
19689.901033542 0.000000000 
19689.901036923 0.000000000 
19689.901040431 0.000000000 
19689.901043845 0.000000000 
19689.901047338 0.000000000 
19689.901050828 0.000000000 
19689.901054320 0.000000000 
19689.901057817 0.000000000 
19689.901061312 0.000000000 
19689.901064804 0.000000000 
19689.901068278 0.000000000 
19689.901071638 0.000000000 
19689.901074987 0.000000000 
19689.901078477 0.000000000 
19689.901081839 0.000000000 
19689.901085191 0.000000000 
19689.901088542 0.000000000 
19689.901092110 0.000000000 
19689.901095610 0.000000000 
19689.901099104 0.000000000 
19689.901102463 0.000000000 
19689.901105956 0.000000000 
19689.901109316 0.000000000 
19689.901112820 0.000000000 
19689.901116321 0.000000000 
19689.901119847 0.000000000 
19689.901123343 0.000000000 
19689.901126695 0.000000000 
19689.901130037 0.000000000 
19689.901133538 0.000000000 
19689.901136894 0.000000000 
19689.901140254 0.000000000 
19689.901143750 0.000000000 
19689.901147256 0.000000000 
19689.901150757 0.000000000 
19689.901154133 0.000000000 
19689.901157722 0.000000000 
19689.901161091 0.000000000 
19689.901164593 0.000000000 
19689.901168069 0.000000000 
19689.901171433 0.000000000 
19689.901174776 0.000000000 
19689.901178248 0.000000000 
19689.901181770 0.000000000 
19689.901185266 0.000000000 
19689.901188776 0.000000000 
19689.901192262 0.000000000 
19689.901195720 0.000000000 
19689.901199270 0.000000000 
19689.901202641 0.000000000 
19689.901206134 0.000000000 
19689.901209527 0.000000000 
19689.901212878 0.000000000 
19689.901216208 0.000000000 
19689.901219778 0.000000000 
19689.901223266 0.000000000 
19689.901226620 0.000000000 
19689.901230106 0.000000000 
19689.901233469 0.000000000 
19689.901236944 0.000000000 
19689.901240431 0.000000000 
19689.901243805 0.000000000 
19689.901247277 0.000000000 
19689.901250635 0.000000000 
19689.901254132 0.000000000 
19689.901257636 0.000000000 
19689.902106408 0.000000000 
19689.903129410 0.000000000 
19689.904137164 0.000000000 
19689.905133558 0.000000000 
19689.906087641 0.000000000 
19689.907101883 0.000000000 
19689.908125738 0.000000000 
19689.909132429 0.000000000 
19689.910071378 0.000000000 
19689.911114615 0.000000000 
19689.912147677 0.000000000 
19689.913140417 0.000000000 
19689.914102453 0.000000000 
19689.915134808 0.000000000 
19689.916109818 0.000000000 
19689.917125505 0.000000000 
19689.918108453 0.000000000 
19689.919096738 0.000000000 
19689.920111664 0.000000000 
19689.921084980 0.000000000 
19689.922131412 0.000000000 
19689.923084978 0.000000000 
19689.924086939 0.000000000 
19689.925084846 0.000000000 
19689.926084833 0.000000000 
19689.927081251 0.000000000 
19689.928094538 0.000000000 
19689.929136781 0.000000000 
19689.930107852 0.000000000 
19689.931139456 0.000000000 
19689.932146168 0.000000000 
19689.933096962 0.000000000 
19689.934112154 0.000000000 
19689.935121204 0.000000000 
19689.936138011 0.000000000 
19689.937138148 0.000000000 
19689.938104995 0.000000000 
19689.939111744 0.000000000 
19689.940110447 0.000000000 
19689.941134437 0.000000000 
19689.942134413 0.000000000 
19689.943097100 0.000000000 
19689.944135414 0.000000000 
19689.945134983 0.000000000 
19689.946063971 0.000000000 
19689.947101208 0.000000000 
19689.948116823 0.000000000 
19689.949087594 0.000000000 
19689.950095553 0.000000000 
19689.951090268 0.000000000 
19689.952106892 0.000000000 
19689.953141042 0.000000000 
19689.954141209 0.000000000 
19689.955140153 0.000000000 
19689.956145732 0.000000000 
19689.957140051 0.000000000 
19689.958098689 0.000000000 
19689.959096731 0.000000000 
19689.960140357 0.000000000 
19689.961138620 0.000000000 
19689.962137078 0.000000000 
19689.963136087 0.000000000 
19689.964147139 0.000000000 
19689.965139649 0.000000000 
19689.966070737 0.000000000 
19689.967101917 0.000000000 
19689.968144430 0.000000000 
19689.969077964 0.000000000 
19689.970093768 0.000000000 
19689.971140421 0.000000000 
19689.972145399 0.000000000 
19689.973139753 0.000000000 
19689.974119203 0.000000000 
19689.975136549 0.000000000 
19689.976098524 0.000000000 
19689.977137850 0.000000000 
19689.978140062 0.000000000 
19689.979099386 0.000000000 
19689.980146450 0.000000000 
19689.981120102 0.000000000 
19689.982141407 0.000000000 
19689.983137384 0.000000000 
19689.984097360 0.000000000 
19689.985100379 0.000000000 
19689.986140582 0.000000000 
19689.987077896 0.000000000 
19689.988148754 0.000000000 
19689.989073152 0.000000000 
19689.990103098 0.000000000 
19689.991131389 0.000000000 
19689.992129824 0.000000000 
19689.993136488 0.000000000 
19689.994132551 0.000000000 
19689.995127772 0.000000000 
19689.996140524 0.000000000 
19689.997094289 0.000000000 
19689.998085076 0.000000000 
19689.999063541 0.000000000 
19690.000092123 0.000000000 
19690.001100444 0.000000000 
19690.002133427 0.000000000 
19690.003131115 0.000000000 
19690.004101464 0.000000000 
19690.005087241 0.000000000 
19690.006085597 0.000000000 
19690.007095330 0.000000000 
19690.008080914 0.000000000 
19690.009102365 0.000000000 
19690.010067978 0.000000000 
19690.011103806 0.000000000 
19690.012146234 0.000000000 
19690.013071777 0.000000000 
19690.014141407 0.000000000 
19690.015119919 0.000000000 
19690.016146381 0.000000000 
19690.017140800 0.000000000 
19690.018101282 0.000000000 
19690.019100803 0.000000000 
19690.020142504 0.000000000 
19690.021117519 0.000000000 
19690.022139526 0.000000000 
19690.023094150 0.000000000 
19690.024123458 0.000000000 
19690.025141160 0.000000000 
19690.026139949 0.000000000 
19690.027077757 0.000000000 
19690.028029164 0.000000000 
19690.029112888 0.000000000 
19690.030104169 0.000000000 
19690.031103480 0.000000000 
19690.032146439 0.000000000 
19690.033099940 0.000000000 
19690.034077220 0.000000000 
19690.035138771 0.000000000 
19690.036145508 0.000000000 
19690.037140549 0.000000000 
19690.038140591 0.000000000 
19690.039141169 0.000000000 
19690.040148191 0.000000000 
19690.041098415 0.000000000 
19690.042107307 0.000000000 
19690.043097512 0.000000000 
19690.044146309 0.000000000 
19690.045140453 0.000000000 
19690.046099627 0.000000000 
19690.047107975 0.000000000 
