22256.000085013 0.000000000 
22256.001071052 0.000000000 
22256.002021545 0.000000000 
22256.003076721 0.000000000 
22256.004053283 0.000000000 
22256.005040881 0.000000000 
22256.006048157 0.000000000 
22256.007018198 0.000000000 
22256.008072635 0.000000000 
22256.009067169 0.000000000 
22256.010075854 0.000000000 
22256.011075379 0.000000000 
22256.012076642 0.000000000 
22256.013071922 0.000000000 
22256.014075035 0.000000000 
22256.015042366 0.000000000 
22256.016046732 0.000000000 
22256.017075373 0.000000000 
22256.018038665 0.000000000 
22256.019075169 0.000000000 
22256.020081423 0.000000000 
22256.021075085 0.000000000 
22256.022057425 0.000000000 
22256.023076750 0.000000000 
22256.024080895 0.000000000 
22256.025077954 0.000000000 
22256.026076015 0.000000000 
22256.027043071 0.000000000 
22256.028040260 0.000000000 
22256.029044831 0.000000000 
22256.030075467 0.000000000 
22256.031075277 0.000000000 
22256.032063977 0.000000000 
22256.033035234 0.000000000 
22256.034051050 0.000000000 
22256.035072278 0.000000000 
22256.036045011 0.000000000 
22256.037043844 0.000000000 
22256.038031006 0.000000000 
22256.039080123 0.000000000 
22256.040082008 0.000000000 
22256.041075790 0.000000000 
22256.042039698 0.000000000 
22256.043073917 0.000000000 
22256.044063789 0.000000000 
22256.045060783 0.000000000 
22256.046078369 0.000000000 
22256.047056264 0.000000000 
22256.048078465 0.000000000 
22256.049075173 0.000000000 
22256.050057810 0.000000000 
22256.051072819 0.000000000 
22256.052083404 0.000000000 
22256.053056554 0.000000000 
22256.054036743 0.000000000 
22256.055057392 0.000000000 
22256.056080731 0.000000000 
22256.057032405 0.000000000 
22256.058073892 0.000000000 
22256.059075912 0.000000000 
22256.060082913 0.000000000 
22256.061078514 0.000000000 
22256.062074631 0.000000000 
22256.063074371 0.000000000 
22256.064082536 0.000000000 
22256.065076999 0.000000000 
22256.066076243 0.000000000 
22256.067079315 0.000000000 
22256.068045063 0.000000000 
22256.069040624 0.000000000 
22256.070040975 0.000000000 
22256.071040289 0.000000000 
22256.072037611 0.000000000 
22256.073037289 0.000000000 
22256.074030108 0.000000000 
22256.075030009 0.000000000 
22256.076020994 0.000000000 
22256.077039501 0.000000000 
22256.078073314 0.000000000 
22256.079046594 0.000000000 
22256.080062060 0.000000000 
22256.081073842 0.000000000 
22256.082076118 0.000000000 
22256.083074736 0.000000000 
22256.084083336 0.000000000 
22256.085022764 0.000000000 
22256.086039543 0.000000000 
22256.087026494 0.000000000 
22256.088083218 0.000000000 
22256.089070690 0.000000000 
22256.090046576 0.000000000 
22256.091072681 0.000000000 
22256.092030792 0.000000000 
22256.093051255 0.000000000 
22256.094045827 0.000000000 
22256.095034001 0.000000000 
22256.096060953 0.000000000 
22256.097071868 0.000000000 
22256.098072220 0.000000000 
22256.099040318 0.000000000 
22256.100080244 0.000000000 
22256.101074978 0.000000000 
22256.102035034 0.000000000 
22256.103041513 0.000000000 
22256.104080277 0.000000000 
22256.105029743 0.000000000 
22256.106077412 0.000000000 
22256.107044227 0.000000000 
22256.108045611 0.000000000 
22256.109022421 0.000000000 
22256.110018837 0.000000000 
22256.111031436 0.000000000 
22256.112027548 0.000000000 
22256.113030971 0.000000000 
22256.114077127 0.000000000 
22256.115042790 0.000000000 
22256.116032852 0.000000000 
22256.117075555 0.000000000 
22256.118074459 0.000000000 
22256.119058984 0.000000000 
22256.120064057 0.000000000 
22256.121076886 0.000000000 
22256.122073905 0.000000000 
22256.123075505 0.000000000 
22256.124081268 0.000000000 
22256.125043440 0.000000000 
22256.126076138 0.000000000 
22256.127076840 0.000000000 
22256.128079452 0.000000000 
22256.129055563 0.000000000 
22256.130047946 0.000000000 
22256.131073145 0.000000000 
22256.132055560 0.000000000 
22256.133058297 0.000000000 
22256.134077707 0.000000000 
22256.135040107 0.000000000 
22256.136041496 0.000000000 
22256.137070332 0.000000000 
22256.138078115 0.000000000 
22256.139076828 0.000000000 
22256.140089651 0.000000000 
22256.141046187 0.000000000 
22256.142072555 0.000000000 
22256.143078745 0.000000000 
22256.144035738 0.000000000 
22256.145032703 0.000000000 
22256.146075981 0.000000000 
22256.147074132 0.000000000 
22256.148080352 0.000000000 
22256.149076048 0.000000000 
22256.150074530 0.000000000 
22256.151074721 0.000000000 
22256.152048638 0.000000000 
22256.153022539 0.000000000 
22256.154073922 0.000000000 
22256.155026725 0.000000000 
22256.156077787 0.000000000 
22256.157076134 0.000000000 
22256.158076004 0.000000000 
22256.159073950 0.000000000 
22256.160046553 0.000000000 
22256.161035880 0.000000000 
22256.162075886 0.000000000 
22256.163055721 0.000000000 
22256.164081049 0.000000000 
22256.165027263 0.000000000 
22256.166074651 0.000000000 
22256.167076802 0.000000000 
22256.168063071 0.000000000 
22256.169074663 0.000000000 
22256.170074429 0.000000000 
22256.171054926 0.000000000 
22256.172045340 0.000000000 
22256.173072221 0.000000000 
22256.174040800 0.000000000 
22256.175073821 0.000000000 
22256.176081324 0.000000000 
22256.177075386 0.000000000 
22256.178043504 0.000000000 
22256.179074335 0.000000000 
22256.180081101 0.000000000 
22256.181074396 0.000000000 
22256.182035193 0.000000000 
22256.183076673 0.000000000 
22256.184051937 0.000000000 
22256.185038447 0.000000000 
22256.186039034 0.000000000 
22256.187075237 0.000000000 
22256.188079708 0.000000000 
22256.189056606 0.000000000 
22256.190073004 0.000000000 
22256.191075540 0.000000000 
22256.192079500 0.000000000 
22256.193035566 0.000000000 
22256.194021018 0.000000000 
22256.195094596 0.000000000 
22256.196080315 0.000000000 
22256.197076066 0.000000000 
22256.198075004 0.000000000 
22256.199077515 0.000000000 
22256.200046530 0.000000000 
22256.201056819 0.000000000 
22256.202074029 0.000000000 
22256.203044277 0.000000000 
22256.204047766 0.000000000 
22256.205072362 0.000000000 
22256.206052844 0.000000000 
22256.207069873 0.000000000 
22256.208046290 0.000000000 
22256.209075452 0.000000000 
22256.210074195 0.000000000 
22256.211074762 0.000000000 
22256.212079564 0.000000000 
22256.213027551 0.000000000 
22256.214056157 0.000000000 
22256.215056543 0.000000000 
22256.216043795 0.000000000 
22256.217074084 0.000000000 
22256.218076561 0.000000000 
22256.219074822 0.000000000 
22256.220081223 0.000000000 
22256.221075365 0.000000000 
22256.222073451 0.000000000 
22256.223040527 0.000000000 
22256.224040157 0.000000000 
22256.225069655 0.000000000 
22256.226074131 0.000000000 
22256.227072322 0.000000000 
22256.228078517 0.000000000 
22256.229071322 0.000000000 
22256.230071413 0.000000000 
22256.231038599 0.000000000 
22256.232046327 0.000000000 
22256.233047154 0.000000000 
22256.234038342 0.000000000 
22256.235036472 0.000000000 
22256.236077756 0.000000000 
22256.237074434 0.000000000 
22256.238076098 0.000000000 
22256.239056279 0.000000000 
22256.240080269 0.000000000 
22256.241074166 0.000000000 
22256.242072989 0.000000000 
22256.243075987 0.000000000 
22256.244064682 0.000000000 
22256.245058092 0.000000000 
22256.246059476 0.000000000 
22256.247055989 0.000000000 
22256.248080179 0.000000000 
22256.249053209 0.000000000 
22256.250070409 0.000000000 
22256.251029995 0.000000000 
22256.252036759 0.000000000 
22256.253027072 0.000000000 
22256.254044683 0.000000000 
22256.255023966 0.000000000 
22256.256014335 0.000000000 
22256.257012442 0.000000000 
22256.258010562 0.000000000 
22256.259010321 0.000000000 
22256.260011636 0.000000000 
22256.261012553 0.000000000 
22256.262011819 0.000000000 
22256.263010424 0.000000000 
22256.264012095 0.000000000 
22256.265009913 0.000000000 
22256.266008890 0.000000000 
22256.267009504 0.000000000 
22256.268010790 0.000000000 
22256.269009382 0.000000000 
22256.270009414 0.000000000 
22256.271012233 0.000000000 
22256.272010705 0.000000000 
22256.273009959 0.000000000 
22256.274009446 0.000000000 
22256.275058212 0.000000000 
22256.276011830 0.000000000 
22256.277008810 0.000000000 
22256.278008491 0.000000000 
22256.279008467 0.000000000 
22256.280008803 0.000000000 
22256.281009758 0.000000000 
22256.282008698 0.000000000 
22256.283008446 0.000000000 
22256.284009775 0.000000000 
22256.285008351 0.000000000 
22256.286007985 0.000000000 
22256.287008476 0.000000000 
22256.288009580 0.000000000 
22256.289007568 0.000000000 
22256.290009415 0.000000000 
22256.291007827 0.000000000 
22256.292008544 0.000000000 
22256.293007892 0.000000000 
22256.294007884 0.000000000 
22256.295007953 0.000000000 
22256.296008203 0.000000000 
22256.297007544 0.000000000 
22256.298007403 0.000000000 
22256.299008484 0.000000000 
22256.300009405 0.000000000 
22256.301007304 0.000000000 
22256.302007182 0.000000000 
22256.303007051 0.000000000 
22256.304007462 0.000000000 
22256.305006988 0.000000000 
22256.306006884 0.000000000 
22256.307008170 0.000000000 
22256.308008023 0.000000000 
22256.309008022 0.000000000 
22256.310008046 0.000000000 
22256.311007159 0.000000000 
22256.312008404 0.000000000 
22256.313006488 0.000000000 
22256.314006160 0.000000000 
22256.315006577 0.000000000 
22256.316007765 0.000000000 
22256.317006423 0.000000000 
22256.318006524 0.000000000 
22256.319007344 0.000000000 
22256.320007725 0.000000000 
22256.321006874 0.000000000 
22256.322006674 0.000000000 
22256.323006653 0.000000000 
22256.324007162 0.000000000 
22256.325006090 0.000000000 
22256.326005795 0.000000000 
22256.327006182 0.000000000 
22256.328006403 0.000000000 
22256.329007438 0.000000000 
22256.330006269 0.000000000 
22256.331006257 0.000000000 
22256.332012833 0.000000000 
22256.333009147 0.000000000 
22256.334007138 0.000000000 
22256.335006385 0.000000000 
22256.336007583 0.000000000 
22256.337005705 0.000000000 
22256.338006422 0.000000000 
22256.339008177 0.000000000 
22256.340007578 0.000000000 
22256.341005893 0.000000000 
22256.342005996 0.000000000 
22256.343005887 0.000000000 
22256.344006185 0.000000000 
22256.345005728 0.000000000 
22256.346005245 0.000000000 
22256.347005579 0.000000000 
22256.348008268 0.000000000 
22256.349005807 0.000000000 
22256.350005551 0.000000000 
22256.351005526 0.000000000 
22256.352005716 0.000000000 
22256.353006323 0.000000000 
22256.354005587 0.000000000 
22256.355005489 0.000000000 
22256.356006206 0.000000000 
22256.357005297 0.000000000 
22256.358006935 0.000000000 
22256.359005565 0.000000000 
22256.360006232 0.000000000 
22256.361005086 0.000000000 
22256.362009881 0.000000000 
22256.363033696 0.000000000 
22256.364031006 0.000000000 
22256.365042513 0.000000000 
22256.366033488 0.000000000 
22256.367043702 0.000000000 
22256.368031199 0.000000000 
22256.369034362 0.000000000 
22256.370073166 0.000000000 
22256.371077271 0.000000000 
22256.372078103 0.000000000 
22256.373025900 0.000000000 
22256.374074787 0.000000000 
22256.375075018 0.000000000 
22256.376080296 0.000000000 
22256.377073842 0.000000000 
22256.378027196 0.000000000 
22256.379046015 0.000000000 
22256.380043986 0.000000000 
22256.381075553 0.000000000 
22256.382039903 0.000000000 
22256.383075775 0.000000000 
22256.384081404 0.000000000 
22256.385074183 0.000000000 
22256.386039279 0.000000000 
22256.387076013 0.000000000 
22256.388029654 0.000000000 
22256.389074872 0.000000000 
22256.390056772 0.000000000 
22256.391076743 0.000000000 
22256.392081439 0.000000000 
22256.393027277 0.000000000 
22256.394051663 0.000000000 
22256.395057737 0.000000000 
22256.396080409 0.000000000 
22256.397090212 0.000000000 
22256.398052337 0.000000000 
22256.399075445 0.000000000 
22256.400062186 0.000000000 
22256.401074830 0.000000000 
22256.402073874 0.000000000 
22256.403074185 0.000000000 
22256.404080555 0.000000000 
22256.405054627 0.000000000 
22256.406075846 0.000000000 
22256.407025873 0.000000000 
22256.408080142 0.000000000 
22256.409074996 0.000000000 
22256.410028343 0.000000000 
22256.411049018 0.000000000 
22256.412079844 0.000000000 
22256.413037934 0.000000000 
22256.414020250 0.000000000 
22256.415025878 0.000000000 
22256.416046932 0.000000000 
22256.417072561 0.000000000 
22256.418074310 0.000000000 
22256.419074602 0.000000000 
22256.420062825 0.000000000 
22256.421044549 0.000000000 
22256.422073837 0.000000000 
22256.423075045 0.000000000 
22256.424081009 0.000000000 
22256.425074125 0.000000000 
22256.426073980 0.000000000 
22256.427019035 0.000000000 
22256.428039463 0.000000000 
22256.429043293 0.000000000 
22256.430074254 0.000000000 
22256.431073947 0.000000000 
22256.432078605 0.000000000 
22256.433074211 0.000000000 
22256.434055113 0.000000000 
22256.435043968 0.000000000 
22256.436050032 0.000000000 
22256.437072655 0.000000000 
22256.438074935 0.000000000 
22256.439074736 0.000000000 
22256.440081838 0.000000000 
22256.441075333 0.000000000 
22256.442027092 0.000000000 
22256.443034166 0.000000000 
22256.444074002 0.000000000 
22256.445033902 0.000000000 
22256.446073112 0.000000000 
22256.447075398 0.000000000 
22256.448077969 0.000000000 
22256.449075228 0.000000000 
22256.450043963 0.000000000 
22256.451074749 0.000000000 
22256.452082026 0.000000000 
22256.453027021 0.000000000 
22256.454037386 0.000000000 
22256.455033823 0.000000000 
22256.456078030 0.000000000 
22256.457077629 0.000000000 
22256.458070739 0.000000000 
22256.459070995 0.000000000 
22256.460082016 0.000000000 
22256.461074395 0.000000000 
22256.462074536 0.000000000 
22256.463056656 0.000000000 
22256.464061582 0.000000000 
22256.465019878 0.000000000 
22256.466026248 0.000000000 
22256.467076538 0.000000000 
22256.468080363 0.000000000 
22256.469040738 0.000000000 
22256.470072581 0.000000000 
22256.471076160 0.000000000 
22256.472078236 0.000000000 
22256.473036557 0.000000000 
22256.474037705 0.000000000 
22256.475022074 0.000000000 
22256.476076635 0.000000000 
22256.477074851 0.000000000 
22256.478073875 0.000000000 
22256.479076100 0.000000000 
22256.480094016 0.000000000 
22256.481075044 0.000000000 
22256.482075376 0.000000000 
22256.483073863 0.000000000 
22256.484062027 0.000000000 
22256.485021794 0.000000000 
22256.486040594 0.000000000 
22256.487057248 0.000000000 
22256.488051220 0.000000000 
22256.489078247 0.000000000 
22256.490078133 0.000000000 
22256.491065136 0.000000000 
22256.492075809 0.000000000 
22256.493024829 0.000000000 
22256.494023040 0.000000000 
22256.495038311 0.000000000 
22256.496025021 0.000000000 
22256.497016462 0.000000000 
22256.498016383 0.000000000 
22256.499016148 0.000000000 
22256.500018048 0.000000000 
22256.501015934 0.000000000 
22256.502016050 0.000000000 
22256.503019578 0.000000000 
22256.504059254 0.000000000 
22256.505031216 0.000000000 
22256.506074270 0.000000000 
22256.507019370 0.000000000 
22256.508079463 0.000000000 
22256.509077289 0.000000000 
22256.510079529 0.000000000 
22256.511057014 0.000000000 
22256.512028790 0.000000000 
22256.513019521 0.000000000 
22256.514033441 0.000000000 
22256.515035281 0.000000000 
22256.516019113 0.000000000 
22256.517010918 0.000000000 
22256.518010800 0.000000000 
22256.519010198 0.000000000 
22256.520011665 0.000000000 
22256.521010110 0.000000000 
22256.522009544 0.000000000 
22256.523009505 0.000000000 
22256.524011841 0.000000000 
22256.525009754 0.000000000 
22256.526009427 0.000000000 
22256.527008854 0.000000000 
22256.528010930 0.000000000 
22256.529009627 0.000000000 
22256.530009358 0.000000000 
22256.531009137 0.000000000 
22256.532009782 0.000000000 
22256.533008939 0.000000000 
22256.534011726 0.000000000 
22256.535007428 0.000000000 
22256.536010705 0.000000000 
22256.537008815 0.000000000 
22256.538008326 0.000000000 
22256.539008272 0.000000000 
22256.540009096 0.000000000 
22256.541008126 0.000000000 
22256.542008041 0.000000000 
22256.543038964 0.000000000 
22256.544010482 0.000000000 
22256.545008606 0.000000000 
22256.546008024 0.000000000 
22256.547008066 0.000000000 
22256.548009626 0.000000000 
22256.549007871 0.000000000 
22256.550007819 0.000000000 
22256.551007712 0.000000000 
22256.552008098 0.000000000 
22256.553008278 0.000000000 
22256.554017678 0.000000000 
22256.555007758 0.000000000 
22256.556009658 0.000000000 
22256.557008167 0.000000000 
22256.558007715 0.000000000 
22256.559007744 0.000000000 
22256.560018056 0.000000000 
22256.561007025 0.000000000 
22256.562006846 0.000000000 
22256.563008829 0.000000000 
22256.564007934 0.000000000 
22256.565007185 0.000000000 
22256.566033814 0.000000000 
22256.567006728 0.000000000 
22256.568007723 0.000000000 
22256.569007023 0.000000000 
22256.570006835 0.000000000 
22256.571006780 0.000000000 
22256.572017821 0.000000000 
22256.573007573 0.000000000 
22256.574006867 0.000000000 
22256.575006697 0.000000000 
22256.576007730 0.000000000 
22256.577007415 0.000000000 
22256.578006729 0.000000000 
22256.579006552 0.000000000 
22256.580006621 0.000000000 
22256.581006441 0.000000000 
22256.582006770 0.000000000 
22256.583007104 0.000000000 
22256.584007099 0.000000000 
22256.585006130 0.000000000 
22256.586005933 0.000000000 
22256.587009875 0.000000000 
22256.588006588 0.000000000 
22256.589005890 0.000000000 
22256.590005828 0.000000000 
22256.591005809 0.000000000 
22256.592008292 0.000000000 
22256.593006732 0.000000000 
22256.594006179 0.000000000 
22256.595006122 0.000000000 
22256.596006686 0.000000000 
22256.597005908 0.000000000 
22256.598005778 0.000000000 
22256.599005771 0.000000000 
22256.600005977 0.000000000 
22256.601005622 0.000000000 
22256.602006999 0.000000000 
22256.603005904 0.000000000 
22256.604007113 0.000000000 
22256.605005813 0.000000000 
22256.606005686 0.000000000 
22256.607005724 0.000000000 
22256.608006336 0.000000000 
22256.609005263 0.000000000 
22256.610005243 0.000000000 
22256.611035109 0.000000000 
22256.612006359 0.000000000 
22256.613005441 0.000000000 
22256.614005215 0.000000000 
22256.615005139 0.000000000 
22256.616034458 0.000000000 
22256.617005647 0.000000000 
22256.618005858 0.000000000 
22256.619005366 0.000000000 
22256.620011849 0.000000000 
22256.621034887 0.000000000 
22256.622053896 0.000000000 
22256.623075331 0.000000000 
22256.624048415 0.000000000 
22256.625074420 0.000000000 
22256.626074436 0.000000000 
22256.627073399 0.000000000 
22256.628061473 0.000000000 
22256.629071997 0.000000000 
22256.630072700 0.000000000 
22256.631029778 0.000000000 
22256.632081095 0.000000000 
22256.633054315 0.000000000 
22256.634045245 0.000000000 
22256.635073921 0.000000000 
22256.636078712 0.000000000 
22256.637054318 0.000000000 
22256.638024568 0.000000000 
22256.639041820 0.000000000 
22256.640019044 0.000000000 
22256.641073359 0.000000000 
22256.642074757 0.000000000 
22256.643074237 0.000000000 
22256.644080176 0.000000000 
22256.645023455 0.000000000 
22256.646074119 0.000000000 
22256.647074771 0.000000000 
22256.648061777 0.000000000 
22256.649036129 0.000000000 
22256.650029605 0.000000000 
22256.651058075 0.000000000 
22256.652079304 0.000000000 
22256.653038337 0.000000000 
22256.654032805 0.000000000 
22256.655071614 0.000000000 
22256.656079838 0.000000000 
22256.657074777 0.000000000 
22256.658075435 0.000000000 
22256.659078229 0.000000000 
22256.660082507 0.000000000 
22256.661074790 0.000000000 
22256.662075417 0.000000000 
22256.663075293 0.000000000 
22256.664062680 0.000000000 
22256.665042459 0.000000000 
22256.666090645 0.000000000 
22256.667075771 0.000000000 
22256.668080723 0.000000000 
22256.669057506 0.000000000 
22256.670019172 0.000000000 
22256.671035913 0.000000000 
22256.672026540 0.000000000 
22256.673024005 0.000000000 
22256.674008871 0.000000000 
22256.675008574 0.000000000 
22256.676053527 0.000000000 
22256.677073778 0.000000000 
22256.678075087 0.000000000 
22256.679074812 0.000000000 
22256.680022761 0.000000000 
22256.681038596 0.000000000 
22256.682075000 0.000000000 
22256.683076108 0.000000000 
22256.684080328 0.000000000 
22256.685044643 0.000000000 
22256.686074551 0.000000000 
22256.687077063 0.000000000 
22256.688055540 0.000000000 
22256.689077771 0.000000000 
22256.690039635 0.000000000 
22256.691075783 0.000000000 
22256.692079302 0.000000000 
22256.693044894 0.000000000 
22256.694075815 0.000000000 
22256.695056351 0.000000000 
22256.696078968 0.000000000 
22256.697075266 0.000000000 
22256.698075306 0.000000000 
22256.699020202 0.000000000 
22256.700078425 0.000000000 
22256.701049379 0.000000000 
22256.702048699 0.000000000 
22256.703056988 0.000000000 
22256.704080613 0.000000000 
22256.705074745 0.000000000 
22256.706074936 0.000000000 
22256.707045971 0.000000000 
22256.708043285 0.000000000 
22256.709042945 0.000000000 
22256.710056041 0.000000000 
22256.711038837 0.000000000 
22256.712080312 0.000000000 
22256.713044682 0.000000000 
22256.714075873 0.000000000 
22256.715041005 0.000000000 
22256.716042028 0.000000000 
22256.717067546 0.000000000 
22256.718026844 0.000000000 
22256.719068024 0.000000000 
22256.720110266 0.000000000 
22256.721071699 0.000000000 
22256.722037807 0.000000000 
22256.723075378 0.000000000 
22256.724062379 0.000000000 
22256.725074077 0.000000000 
22256.726073285 0.000000000 
22256.727074855 0.000000000 
22256.728048997 0.000000000 
22256.729039932 0.000000000 
22256.730040103 0.000000000 
22256.731073940 0.000000000 
22256.732049621 0.000000000 
22256.733031916 0.000000000 
22256.734077816 0.000000000 
22256.735036237 0.000000000 
22256.736079206 0.000000000 
22256.737073769 0.000000000 
22256.738074662 0.000000000 
22256.739072467 0.000000000 
22256.740079995 0.000000000 
22256.741074348 0.000000000 
22256.742038392 0.000000000 
22256.743044877 0.000000000 
22256.744079707 0.000000000 
22256.745043505 0.000000000 
22256.746072477 0.000000000 
22256.747075494 0.000000000 
22256.748042796 0.000000000 
22256.749042015 0.000000000 
22256.750042086 0.000000000 
22256.751072942 0.000000000 
22256.752079312 0.000000000 
22256.753039537 0.000000000 
22256.754075069 0.000000000 
22256.755033760 0.000000000 
22256.756080432 0.000000000 
22256.757074565 0.000000000 
22256.758074711 0.000000000 
22256.759043290 0.000000000 
22256.760043305 0.000000000 
22256.761070839 0.000000000 
22256.762069556 0.000000000 
22256.763045683 0.000000000 
22256.764079736 0.000000000 
22256.765057346 0.000000000 
22256.766072501 0.000000000 
22256.767055598 0.000000000 
22256.768062725 0.000000000 
22256.769021667 0.000000000 
22256.770018491 0.000000000 
22256.771013490 0.000000000 
22256.772016583 0.000000000 
22256.773041009 0.000000000 
22256.774021946 0.000000000 
22256.775010385 0.000000000 
22256.776034837 0.000000000 
22256.777013354 0.000000000 
22256.778012187 0.000000000 
22256.779011621 0.000000000 
22256.780014498 0.000000000 
22256.781010461 0.000000000 
22256.782064375 0.000000000 
22256.783010372 0.000000000 
22256.784065181 0.000000000 
22256.785010395 0.000000000 
22256.786010214 0.000000000 
22256.787010311 0.000000000 
22256.788064822 0.000000000 
22256.789010285 0.000000000 
22256.790010338 0.000000000 
22256.791010298 0.000000000 
22256.792010353 0.000000000 
22256.793008991 0.000000000 
22256.794008830 0.000000000 
22256.795008854 0.000000000 
22256.796011499 0.000000000 
22256.797010188 0.000000000 
22256.798009450 0.000000000 
22256.799009154 0.000000000 
22256.800010360 0.000000000 
22256.801009920 0.000000000 
22256.802009446 0.000000000 
22256.803009354 0.000000000 
22256.804011655 0.000000000 
22256.805009473 0.000000000 
22256.806008614 0.000000000 
22256.807009094 0.000000000 
22256.808009968 0.000000000 
22256.809008901 0.000000000 
22256.810008633 0.000000000 
22256.811008622 0.000000000 
22256.812009403 0.000000000 
22256.813044572 0.000000000 
22256.814008332 0.000000000 
22256.815052207 0.000000000 
22256.816010618 0.000000000 
22256.817008750 0.000000000 
22256.818009437 0.000000000 
22256.819008020 0.000000000 
22256.820009466 0.000000000 
22256.821008242 0.000000000 
22256.822007860 0.000000000 
22256.823007872 0.000000000 
22256.824058400 0.000000000 
22256.825007954 0.000000000 
22256.826005952 0.000000000 
22256.827007825 0.000000000 
22256.828008258 0.000000000 
22256.829007559 0.000000000 
22256.830007332 0.000000000 
22256.831007279 0.000000000 
22256.832007715 0.000000000 
22256.833008127 0.000000000 
22256.834005668 0.000000000 
22256.835008041 0.000000000 
22256.836009033 0.000000000 
22256.837007570 0.000000000 
22256.838007234 0.000000000 
22256.839007296 0.000000000 
22256.840008273 0.000000000 
22256.841006912 0.000000000 
22256.842006692 0.000000000 
22256.843006836 0.000000000 
22256.844007568 0.000000000 
22256.845006980 0.000000000 
22256.846013545 0.000000000 
22256.847006791 0.000000000 
22256.848007222 0.000000000 
22256.849007108 0.000000000 
22256.850006520 0.000000000 
22256.851010256 0.000000000 
22256.852007814 0.000000000 
22256.853007018 0.000000000 
22256.854006302 0.000000000 
22256.855006899 0.000000000 
22256.856007859 0.000000000 
22256.857006660 0.000000000 
22256.858006505 0.000000000 
22256.859006801 0.000000000 
22256.860007158 0.000000000 
22256.861006374 0.000000000 
22256.862006097 0.000000000 
22256.863006195 0.000000000 
22256.864006965 0.000000000 
22256.865007299 0.000000000 
22256.866006377 0.000000000 
22256.867006122 0.000000000 
22256.868006785 0.000000000 
22256.869006234 0.000000000 
22256.870006177 0.000000000 
22256.871005947 0.000000000 
22256.872006071 0.000000000 
22256.873005851 0.000000000 
22256.874005862 0.000000000 
22256.875036900 0.000000000 
22256.876007339 0.000000000 
22256.877005857 0.000000000 
22256.878005629 0.000000000 
22256.879005677 0.000000000 
22256.880006230 0.000000000 
22256.881005835 0.000000000 
22256.882005954 0.000000000 
22256.883036828 0.000000000 
22256.884034058 0.000000000 
22256.885078810 0.000000000 
22256.886071855 0.000000000 
22256.887072117 0.000000000 
22256.888078782 0.000000000 
22256.889055806 0.000000000 
22256.890075782 0.000000000 
22256.891074620 0.000000000 
22256.892081501 0.000000000 
22256.893015521 0.000000000 
22256.894073760 0.000000000 
22256.895027696 0.000000000 
22256.896079710 0.000000000 
22256.897075396 0.000000000 
22256.898075943 0.000000000 
22256.899076184 0.000000000 
22256.900081857 0.000000000 
22256.901075739 0.000000000 
22256.902074707 0.000000000 
22256.903074452 0.000000000 
22256.904079480 0.000000000 
22256.905074334 0.000000000 
22256.906026641 0.000000000 
22256.907046020 0.000000000 
22256.908079307 0.000000000 
22256.909056806 0.000000000 
22256.910081319 0.000000000 
22256.911045221 0.000000000 
22256.912081139 0.000000000 
22256.913021028 0.000000000 
22256.914052540 0.000000000 
22256.915042162 0.000000000 
22256.916079593 0.000000000 
22256.917028670 0.000000000 
22256.918014196 0.000000000 
22256.919018709 0.000000000 
22256.920021411 0.000000000 
22256.921028720 0.000000000 
22256.922028761 0.000000000 
22256.923034958 0.000000000 
22256.924079318 0.000000000 
22256.925074978 0.000000000 
22256.926036607 0.000000000 
22256.927023332 0.000000000 
22256.928049623 0.000000000 
22256.929042878 0.000000000 
22256.930069785 0.000000000 
22256.931073048 0.000000000 
22256.932078185 0.000000000 
22256.933055655 0.000000000 
22256.934028068 0.000000000 
22256.935073026 0.000000000 
22256.936034088 0.000000000 
22256.937076204 0.000000000 
22256.938027431 0.000000000 
22256.939073604 0.000000000 
22256.940079433 0.000000000 
22256.941078251 0.000000000 
22256.942075822 0.000000000 
22256.943020088 0.000000000 
22256.944048451 0.000000000 
22256.945073193 0.000000000 
22256.946044057 0.000000000 
22256.947039062 0.000000000 
22256.948080402 0.000000000 
22256.949038632 0.000000000 
22256.950075381 0.000000000 
22256.951051708 0.000000000 
22256.952079798 0.000000000 
22256.953056455 0.000000000 
22256.954029690 0.000000000 
22256.955073395 0.000000000 
22256.956027251 0.000000000 
22256.957076644 0.000000000 
22256.958056940 0.000000000 
22256.959059416 0.000000000 
22256.960063651 0.000000000 
22256.961058330 0.000000000 
22256.962073901 0.000000000 
22256.963018699 0.000000000 
22256.964039344 0.000000000 
22256.965076143 0.000000000 
22256.966077472 0.000000000 
22256.967023049 0.000000000 
22256.968076220 0.000000000 
22256.969022707 0.000000000 
22256.970043312 0.000000000 
22256.971073937 0.000000000 
22256.972079836 0.000000000 
22256.973026896 0.000000000 
22256.974075618 0.000000000 
22256.975074787 0.000000000 
22256.976040910 0.000000000 
22256.977053981 0.000000000 
22256.978076021 0.000000000 
22256.979021286 0.000000000 
22256.980052905 0.000000000 
22256.981073177 0.000000000 
22256.982075909 0.000000000 
22256.983058856 0.000000000 
22256.984025102 0.000000000 
22256.985074012 0.000000000 
22256.986075526 0.000000000 
22256.987056097 0.000000000 
22256.988082899 0.000000000 
22256.989022717 0.000000000 
22256.990039246 0.000000000 
22256.991074226 0.000000000 
22256.992076410 0.000000000 
22256.993032382 0.000000000 
22256.994086331 0.000000000 
22256.995073151 0.000000000 
22256.996042868 0.000000000 
22256.997073263 0.000000000 
22256.998072782 0.000000000 
22256.999075399 0.000000000 
22257.000080650 0.000000000 
22257.001034056 0.000000000 
22257.002034683 0.000000000 
22257.003058278 0.000000000 
22257.004063510 0.000000000 
22257.005074767 0.000000000 
22257.006078100 0.000000000 
22257.007073109 0.000000000 
22257.008080502 0.000000000 
22257.009073722 0.000000000 
22257.010044752 0.000000000 
22257.011073147 0.000000000 
22257.012051568 0.000000000 
22257.013040459 0.000000000 
22257.014070026 0.000000000 
22257.015074237 0.000000000 
22257.016082061 0.000000000 
22257.017021223 0.000000000 
22257.018081867 0.000000000 
22257.019075508 0.000000000 
22257.020081573 0.000000000 
22257.021076276 0.000000000 
22257.022029619 0.000000000 
22257.023026710 0.000000000 
22257.024016933 0.000000000 
22257.025081821 0.000000000 
22257.026015937 0.000000000 
22257.027013137 0.000000000 
22257.028018199 0.000000000 
22257.029013193 0.000000000 
22257.030017027 0.000000000 
22257.031012994 0.000000000 
22257.032046867 0.000000000 
22257.033007900 0.000000000 
22257.034058849 0.000000000 
22257.035072131 0.000000000 
22257.036014375 0.000000000 
22257.037011035 0.000000000 
22257.038010429 0.000000000 
22257.039010248 0.000000000 
22257.040064541 0.000000000 
22257.041010414 0.000000000 
22257.042010494 0.000000000 
22257.043010449 0.000000000 
22257.044063802 0.000000000 
22257.045063285 0.000000000 
22257.046063541 0.000000000 
22257.047063509 0.000000000 
22257.048010084 0.000000000 
22257.049009043 0.000000000 
22257.050008586 0.000000000 
22257.051020391 0.000000000 
22257.052013126 0.000000000 
22257.053058969 0.000000000 
22257.054057445 0.000000000 
22257.055009452 0.000000000 
22257.056010462 0.000000000 
22257.057009720 0.000000000 
22257.058014285 0.000000000 
22257.059062686 0.000000000 
22257.060011517 0.000000000 
22257.061054077 0.000000000 
22257.062052433 0.000000000 
22257.063052171 0.000000000 
22257.064052805 0.000000000 
22257.065051995 0.000000000 
22257.066008138 0.000000000 
22257.067013957 0.000000000 
22257.068053065 0.000000000 
22257.069008656 0.000000000 
22257.070008555 0.000000000 
22257.071008326 0.000000000 
22257.072008817 0.000000000 
22257.073008659 0.000000000 
22257.074007705 0.000000000 
22257.075007718 0.000000000 
22257.076008766 0.000000000 
22257.077008377 0.000000000 
22257.078007789 0.000000000 
22257.079048016 0.000000000 
22257.080009350 0.000000000 
22257.081007950 0.000000000 
22257.082007651 0.000000000 
22257.083007607 0.000000000 
22257.084008261 0.000000000 
22257.085007231 0.000000000 
22257.086006984 0.000000000 
22257.087007059 0.000000000 
22257.088044692 0.000000000 
22257.089007257 0.000000000 
22257.090007086 0.000000000 
22257.091007070 0.000000000 
22257.092044331 0.000000000 
22257.093044398 0.000000000 
22257.094007246 0.000000000 
22257.095007079 0.000000000 
22257.096008930 0.000000000 
22257.097006817 0.000000000 
22257.098006559 0.000000000 
22257.099006490 0.000000000 
22257.100041931 0.000000000 
22257.101008358 0.000000000 
22257.102006787 0.000000000 
22257.103006658 0.000000000 
22257.104007794 0.000000000 
22257.105006699 0.000000000 
22257.106006557 0.000000000 
22257.107006580 0.000000000 
22257.108007185 0.000000000 
22257.109038088 0.000000000 
22257.110045027 0.000000000 
22257.111006420 0.000000000 
22257.112038489 0.000000000 
22257.113006452 0.000000000 
22257.114006575 0.000000000 
22257.115038165 0.000000000 
22257.116038825 0.000000000 
22257.117006790 0.000000000 
22257.118006132 0.000000000 
22257.119006052 0.000000000 
22257.120006389 0.000000000 
22257.121005820 0.000000000 
22257.122005490 0.000000000 
22257.123005919 0.000000000 
22257.124006745 0.000000000 
22257.125005878 0.000000000 
22257.126005776 0.000000000 
22257.127005779 0.000000000 
22257.128006086 0.000000000 
22257.129005826 0.000000000 
22257.130005839 0.000000000 
22257.131005815 0.000000000 
22257.132006041 0.000000000 
22257.133005174 0.000000000 
22257.134003440 0.000000000 
22257.135006011 0.000000000 
22257.136005995 0.000000000 
22257.137005775 0.000000000 
22257.138057732 0.000000000 
22257.139034766 0.000000000 
22257.140077333 0.000000000 
22257.141074758 0.000000000 
22257.142076102 0.000000000 
22257.143076283 0.000000000 
22257.144080378 0.000000000 
22257.145044988 0.000000000 
22257.146074631 0.000000000 
22257.147075434 0.000000000 
22257.148080657 0.000000000 
22257.149026917 0.000000000 
22257.150039289 0.000000000 
22257.151036433 0.000000000 
22257.152081135 0.000000000 
22257.153056380 0.000000000 
22257.154057739 0.000000000 
22257.155037924 0.000000000 
22257.156079414 0.000000000 
22257.157027397 0.000000000 
22257.158076634 0.000000000 
22257.159057105 0.000000000 
22257.160062243 0.000000000 
22257.161040053 0.000000000 
22257.162037678 0.000000000 
22257.163074528 0.000000000 
22257.164080477 0.000000000 
22257.165038357 0.000000000 
22257.166075442 0.000000000 
22257.167076415 0.000000000 
22257.168050692 0.000000000 
22257.169057543 0.000000000 
22257.170044384 0.000000000 
22257.171056071 0.000000000 
22257.172078212 0.000000000 
22257.173024766 0.000000000 
22257.174074746 0.000000000 
22257.175076079 0.000000000 
22257.176017023 0.000000000 
22257.177019893 0.000000000 
22257.178074137 0.000000000 
22257.179032306 0.000000000 
22257.180079901 0.000000000 
22257.181074379 0.000000000 
22257.182074931 0.000000000 
22257.183053829 0.000000000 
22257.184080415 0.000000000 
22257.185075775 0.000000000 
22257.186041528 0.000000000 
22257.187055340 0.000000000 
22257.188046430 0.000000000 
22257.189076900 0.000000000 
22257.190036786 0.000000000 
22257.191057292 0.000000000 
22257.192081082 0.000000000 
22257.193070965 0.000000000 
22257.194074408 0.000000000 
22257.195076017 0.000000000 
22257.196080353 0.000000000 
22257.197020768 0.000000000 
22257.198036129 0.000000000 
22257.199074547 0.000000000 
22257.200079008 0.000000000 
22257.201074723 0.000000000 
22257.202073842 0.000000000 
22257.203038658 0.000000000 
22257.204080378 0.000000000 
22257.205073819 0.000000000 
22257.206044102 0.000000000 
22257.207038011 0.000000000 
22257.208069469 0.000000000 
22257.209037068 0.000000000 
22257.210073923 0.000000000 
22257.211074340 0.000000000 
22257.212079562 0.000000000 
22257.213039717 0.000000000 
22257.214060335 0.000000000 
22257.215074753 0.000000000 
22257.216081104 0.000000000 
22257.217035360 0.000000000 
22257.218039184 0.000000000 
22257.219045971 0.000000000 
22257.220083028 0.000000000 
22257.221046197 0.000000000 
22257.222073104 0.000000000 
22257.223029751 0.000000000 
22257.224079325 0.000000000 
22257.225073868 0.000000000 
22257.226073332 0.000000000 
22257.227055803 0.000000000 
22257.228051579 0.000000000 
22257.229075670 0.000000000 
22257.230073340 0.000000000 
22257.231074123 0.000000000 
22257.232081635 0.000000000 
22257.233039012 0.000000000 
22257.234074576 0.000000000 
22257.235045776 0.000000000 
22257.236026202 0.000000000 
22257.237029660 0.000000000 
22257.238027172 0.000000000 
22257.239043859 0.000000000 
22257.240079005 0.000000000 
22257.241074811 0.000000000 
22257.242074060 0.000000000 
22257.243074952 0.000000000 
22257.244061603 0.000000000 
22257.245073571 0.000000000 
22257.246043944 0.000000000 
22257.247057395 0.000000000 
22257.248081115 0.000000000 
22257.249043936 0.000000000 
22257.250074140 0.000000000 
22257.251040209 0.000000000 
22257.252031982 0.000000000 
22257.253017453 0.000000000 
22257.254017434 0.000000000 
22257.255018312 0.000000000 
22257.256037947 0.000000000 
22257.257036394 0.000000000 
22257.258043300 0.000000000 
22257.259066656 0.000000000 
22257.260080211 0.000000000 
22257.261075220 0.000000000 
22257.262076854 0.000000000 
22257.263075307 0.000000000 
22257.264079166 0.000000000 
22257.265074666 0.000000000 
22257.266020334 0.000000000 
22257.267047334 0.000000000 
22257.268062541 0.000000000 
22257.269039469 0.000000000 
22257.270032041 0.000000000 
22257.271057311 0.000000000 
22257.272079542 0.000000000 
22257.273043340 0.000000000 
22257.274019567 0.000000000 
22257.275034742 0.000000000 
22257.276027005 0.000000000 
22257.277029151 0.000000000 
22257.278039866 0.000000000 
22257.279043194 0.000000000 
22257.280028055 0.000000000 
22257.281021892 0.000000000 
22257.282019202 0.000000000 
22257.283013033 0.000000000 
22257.284024916 0.000000000 
22257.285022686 0.000000000 
22257.286018538 0.000000000 
22257.287007577 0.000000000 
22257.288016855 0.000000000 
22257.289009963 0.000000000 
22257.290008940 0.000000000 
22257.291009186 0.000000000 
22257.292010605 0.000000000 
22257.293012157 0.000000000 
22257.294009655 0.000000000 
22257.295009358 0.000000000 
22257.296012917 0.000000000 
22257.297009431 0.000000000 
22257.298009102 0.000000000 
22257.299008941 0.000000000 
22257.300010356 0.000000000 
22257.301007271 0.000000000 
22257.302008705 0.000000000 
22257.303008300 0.000000000 
22257.304009181 0.000000000 
22257.305008308 0.000000000 
22257.306008383 0.000000000 
22257.307008399 0.000000000 
22257.308008839 0.000000000 
22257.309009393 0.000000000 
22257.310008767 0.000000000 
22257.311008362 0.000000000 
22257.312009931 0.000000000 
22257.313009486 0.000000000 
22257.314007711 0.000000000 
22257.315009210 0.000000000 
22257.316009075 0.000000000 
22257.317007440 0.000000000 
22257.318010543 0.000000000 
22257.319007699 0.000000000 
22257.320008764 0.000000000 
22257.321007737 0.000000000 
22257.322007609 0.000000000 
22257.323007534 0.000000000 
22257.324012157 0.000000000 
22257.325007616 0.000000000 
22257.326007042 0.000000000 
22257.327007120 0.000000000 
22257.328007995 0.000000000 
22257.329007092 0.000000000 
22257.330007030 0.000000000 
22257.331007069 0.000000000 
22257.332007823 0.000000000 
22257.333010288 0.000000000 
22257.334008419 0.000000000 
22257.335009872 0.000000000 
22257.336008193 0.000000000 
22257.337006740 0.000000000 
22257.338006335 0.000000000 
22257.339006396 0.000000000 
22257.340007081 0.000000000 
22257.341006440 0.000000000 
22257.342006373 0.000000000 
22257.343006368 0.000000000 
22257.344009391 0.000000000 
22257.345006921 0.000000000 
22257.346006546 0.000000000 
22257.347006394 0.000000000 
22257.348007595 0.000000000 
22257.349006099 0.000000000 
22257.350006113 0.000000000 
22257.351006103 0.000000000 
22257.352022709 0.000000000 
22257.353010991 0.000000000 
22257.354009568 0.000000000 
22257.355006705 0.000000000 
22257.356008635 0.000000000 
22257.357006506 0.000000000 
22257.358006531 0.000000000 
22257.359006076 0.000000000 
22257.360007613 0.000000000 
22257.361005912 0.000000000 
22257.362005720 0.000000000 
22257.363008056 0.000000000 
22257.364006656 0.000000000 
22257.365008250 0.000000000 
22257.366005865 0.000000000 
22257.367005578 0.000000000 
22257.368008054 0.000000000 
22257.369005865 0.000000000 
22257.370005693 0.000000000 
22257.371005754 0.000000000 
22257.372007243 0.000000000 
22257.373006455 0.000000000 
22257.374005642 0.000000000 
22257.375005484 0.000000000 
22257.376006688 0.000000000 
22257.377005549 0.000000000 
22257.378005376 0.000000000 
22257.379005192 0.000000000 
22257.380005812 0.000000000 
22257.381005418 0.000000000 
22257.382005409 0.000000000 
22257.383005230 0.000000000 
22257.384005683 0.000000000 
22257.385005655 0.000000000 
22257.386005160 0.000000000 
22257.387029972 0.000000000 
22257.388079450 0.000000000 
22257.389075712 0.000000000 
22257.390077292 0.000000000 
22257.391039176 0.000000000 
22257.392037107 0.000000000 
22257.393027861 0.000000000 
22257.394044425 0.000000000 
22257.395072484 0.000000000 
22257.396042251 0.000000000 
22257.397043444 0.000000000 
22257.398047058 0.000000000 
22257.399075193 0.000000000 
22257.400079849 0.000000000 
22257.401074287 0.000000000 
22257.402075405 0.000000000 
22257.403025533 0.000000000 
22257.404042271 0.000000000 
22257.405040254 0.000000000 
22257.406042373 0.000000000 
22257.407074572 0.000000000 
22257.408080055 0.000000000 
22257.409074107 0.000000000 
22257.410056192 0.000000000 
22257.411077165 0.000000000 
22257.412090795 0.000000000 
22257.413082214 0.000000000 
22257.414073755 0.000000000 
22257.415039121 0.000000000 
22257.416061478 0.000000000 
22257.417074689 0.000000000 
22257.418018157 0.000000000 
22257.419073988 0.000000000 
22257.420080775 0.000000000 
22257.421075248 0.000000000 
22257.422073259 0.000000000 
22257.423020543 0.000000000 
22257.424081925 0.000000000 
22257.425040491 0.000000000 
22257.426058207 0.000000000 
22257.427076129 0.000000000 
22257.428052656 0.000000000 
22257.429073504 0.000000000 
22257.430074848 0.000000000 
22257.431074498 0.000000000 
22257.432080432 0.000000000 
22257.433024964 0.000000000 
22257.434018937 0.000000000 
22257.435071990 0.000000000 
22257.436038347 0.000000000 
22257.437051579 0.000000000 
22257.438082173 0.000000000 
22257.439077034 0.000000000 
22257.440054533 0.000000000 
22257.441074705 0.000000000 
22257.442075602 0.000000000 
22257.443055547 0.000000000 
22257.444080094 0.000000000 
22257.445074437 0.000000000 
22257.446038230 0.000000000 
22257.447037479 0.000000000 
22257.448056545 0.000000000 
22257.449075617 0.000000000 
22257.450038083 0.000000000 
22257.451014752 0.000000000 
22257.452072421 0.000000000 
22257.453042249 0.000000000 
22257.454034422 0.000000000 
22257.455018076 0.000000000 
22257.456077857 0.000000000 
22257.457057497 0.000000000 
22257.458076280 0.000000000 
22257.459075559 0.000000000 
22257.460080471 0.000000000 
22257.461067477 0.000000000 
22257.462056002 0.000000000 
22257.463038272 0.000000000 
22257.464081195 0.000000000 
22257.465044558 0.000000000 
22257.466076336 0.000000000 
22257.467043346 0.000000000 
22257.468026839 0.000000000 
22257.469071020 0.000000000 
22257.470079563 0.000000000 
22257.471071107 0.000000000 
22257.472040014 0.000000000 
22257.473042634 0.000000000 
22257.474049520 0.000000000 
22257.475075825 0.000000000 
22257.476080326 0.000000000 
22257.477020775 0.000000000 
22257.478042791 0.000000000 
22257.479035712 0.000000000 
22257.480079883 0.000000000 
22257.481074376 0.000000000 
22257.482042726 0.000000000 
22257.483074934 0.000000000 
22257.484079730 0.000000000 
22257.485075862 0.000000000 
22257.486075081 0.000000000 
22257.487075743 0.000000000 
22257.488052192 0.000000000 
22257.489041076 0.000000000 
22257.490074763 0.000000000 
22257.491074668 0.000000000 
22257.492045904 0.000000000 
22257.493038653 0.000000000 
22257.494031883 0.000000000 
22257.495074020 0.000000000 
22257.496082449 0.000000000 
22257.497067130 0.000000000 
22257.498075836 0.000000000 
22257.499060592 0.000000000 
22257.500080558 0.000000000 
22257.501057626 0.000000000 
22257.502038915 0.000000000 
22257.503074732 0.000000000 
22257.504080300 0.000000000 
22257.505055249 0.000000000 
22257.506075305 0.000000000 
22257.507074594 0.000000000 
22257.508078503 0.000000000 
22257.509030938 0.000000000 
22257.510039015 0.000000000 
22257.511079191 0.000000000 
22257.512047019 0.000000000 
22257.513075134 0.000000000 
22257.514074744 0.000000000 
22257.515074439 0.000000000 
22257.516046897 0.000000000 
22257.517074109 0.000000000 
22257.518061291 0.000000000 
22257.519044258 0.000000000 
22257.520081313 0.000000000 
22257.521060641 0.000000000 
22257.522073446 0.000000000 
22257.523074675 0.000000000 
22257.524063600 0.000000000 
22257.525075453 0.000000000 
22257.526070607 0.000000000 
22257.527071901 0.000000000 
22257.528076843 0.000000000 
22257.529026178 0.000000000 
22257.530076053 0.000000000 
22257.531026786 0.000000000 
22257.532050997 0.000000000 
22257.533041075 0.000000000 
22257.534042665 0.000000000 
22257.535073225 0.000000000 
22257.536011398 0.000000000 
22257.537017094 0.000000000 
22257.538013230 0.000000000 
22257.539017766 0.000000000 
22257.540023754 0.000000000 
22257.541013443 0.000000000 
22257.542014095 0.000000000 
22257.543011906 0.000000000 
22257.544014071 0.000000000 
22257.545011862 0.000000000 
22257.546012038 0.000000000 
22257.547011502 0.000000000 
22257.548014595 0.000000000 
22257.549009304 0.000000000 
22257.550010679 0.000000000 
22257.551009632 0.000000000 
22257.552010894 0.000000000 
22257.553009820 0.000000000 
22257.554009338 0.000000000 
22257.555009150 0.000000000 
22257.556010829 0.000000000 
22257.557008948 0.000000000 
22257.558009891 0.000000000 
22257.559009457 0.000000000 
22257.560014016 0.000000000 
22257.561009155 0.000000000 
22257.562008576 0.000000000 
22257.563008581 0.000000000 
22257.564009493 0.000000000 
22257.565007743 0.000000000 
22257.566009400 0.000000000 
22257.567010886 0.000000000 
22257.568010581 0.000000000 
22257.569009614 0.000000000 
22257.570009152 0.000000000 
22257.571009469 0.000000000 
22257.572009528 0.000000000 
22257.573008104 0.000000000 
22257.574006683 0.000000000 
22257.575008382 0.000000000 
22257.576009153 0.000000000 
22257.577007913 0.000000000 
22257.578007303 0.000000000 
22257.579007921 0.000000000 
22257.580008868 0.000000000 
22257.581008009 0.000000000 
22257.582007784 0.000000000 
22257.583007659 0.000000000 
22257.584008420 0.000000000 
22257.585007398 0.000000000 
22257.586007146 0.000000000 
22257.587007398 0.000000000 
22257.588007698 0.000000000 
22257.589007060 0.000000000 
22257.590010848 0.000000000 
22257.591007673 0.000000000 
22257.592008150 0.000000000 
22257.593007393 0.000000000 
22257.594007165 0.000000000 
22257.595007172 0.000000000 
22257.596007686 0.000000000 
22257.597006933 0.000000000 
22257.598006863 0.000000000 
22257.599006631 0.000000000 
22257.600007261 0.000000000 
22257.601007176 0.000000000 
22257.602006808 0.000000000 
22257.603006661 0.000000000 
22257.604007847 0.000000000 
22257.605006815 0.000000000 
22257.606006771 0.000000000 
22257.607006764 0.000000000 
22257.608007246 0.000000000 
22257.609006370 0.000000000 
22257.610006220 0.000000000 
22257.611006188 0.000000000 
22257.612006816 0.000000000 
22257.613006353 0.000000000 
22257.614006221 0.000000000 
22257.615006146 0.000000000 
22257.616006327 0.000000000 
22257.617006258 0.000000000 
22257.618006040 0.000000000 
22257.619007088 0.000000000 
22257.620007182 0.000000000 
22257.621006092 0.000000000 
22257.622005883 0.000000000 
22257.623005963 0.000000000 
22257.624006540 0.000000000 
22257.625006185 0.000000000 
22257.626005828 0.000000000 
22257.627006034 0.000000000 
22257.628006508 0.000000000 
22257.629006078 0.000000000 
22257.630005875 0.000000000 
22257.631005791 0.000000000 
22257.632006363 0.000000000 
22257.633005639 0.000000000 
22257.634005474 0.000000000 
22257.635005522 0.000000000 
22257.636006079 0.000000000 
22257.637005655 0.000000000 
22257.638005425 0.000000000 
22257.639005564 0.000000000 
22257.640006056 0.000000000 
22257.641005642 0.000000000 
22257.642005899 0.000000000 
22257.643006889 0.000000000 
22257.644037642 0.000000000 
22257.645032611 0.000000000 
22257.646030602 0.000000000 
22257.647074879 0.000000000 
22257.648060742 0.000000000 
22257.649076644 0.000000000 
22257.650074294 0.000000000 
22257.651075508 0.000000000 
22257.652080966 0.000000000 
22257.653043742 0.000000000 
22257.654075074 0.000000000 
22257.655042826 0.000000000 
22257.656028685 0.000000000 
22257.657075046 0.000000000 
22257.658075097 0.000000000 
22257.659072526 0.000000000 
22257.660080370 0.000000000 
22257.661075755 0.000000000 
22257.662074568 0.000000000 
22257.663038732 0.000000000 
22257.664082367 0.000000000 
22257.665075437 0.000000000 
22257.666055382 0.000000000 
22257.667074842 0.000000000 
22257.668081498 0.000000000 
22257.669055635 0.000000000 
22257.670074894 0.000000000 
22257.671057996 0.000000000 
22257.672080152 0.000000000 
22257.673025727 0.000000000 
22257.674037211 0.000000000 
22257.675028246 0.000000000 
22257.676039187 0.000000000 
22257.677043582 0.000000000 
22257.678074684 0.000000000 
22257.679074685 0.000000000 
22257.680080569 0.000000000 
22257.681075242 0.000000000 
22257.682055558 0.000000000 
22257.683059588 0.000000000 
22257.684075670 0.000000000 
22257.685075460 0.000000000 
22257.686051717 0.000000000 
22257.687039520 0.000000000 
22257.688080298 0.000000000 
22257.689077498 0.000000000 
22257.690056110 0.000000000 
22257.691074653 0.000000000 
22257.692080517 0.000000000 
22257.693085076 0.000000000 
22257.694073152 0.000000000 
22257.695024284 0.000000000 
22257.696081487 0.000000000 
22257.697042298 0.000000000 
22257.698071445 0.000000000 
22257.699073816 0.000000000 
22257.700061755 0.000000000 
22257.701056924 0.000000000 
22257.702076545 0.000000000 
22257.703075017 0.000000000 
22257.704081096 0.000000000 
22257.705043256 0.000000000 
22257.706026789 0.000000000 
22257.707074183 0.000000000 
22257.708080367 0.000000000 
22257.709074825 0.000000000 
22257.710075863 0.000000000 
22257.711077237 0.000000000 
22257.712052727 0.000000000 
22257.713045912 0.000000000 
22257.714074794 0.000000000 
22257.715062917 0.000000000 
22257.716046450 0.000000000 
22257.717074299 0.000000000 
22257.718075643 0.000000000 
22257.719056971 0.000000000 
22257.720043544 0.000000000 
22257.721073856 0.000000000 
22257.722069342 0.000000000 
22257.723071632 0.000000000 
22257.724077050 0.000000000 
22257.725049907 0.000000000 
22257.726057136 0.000000000 
22257.727027442 0.000000000 
22257.728080356 0.000000000 
22257.729075515 0.000000000 
22257.730076092 0.000000000 
22257.731076634 0.000000000 
22257.732080113 0.000000000 
22257.733022120 0.000000000 
22257.734054836 0.000000000 
22257.735023641 0.000000000 
22257.736034271 0.000000000 
22257.737035600 0.000000000 
22257.738039289 0.000000000 
22257.739075106 0.000000000 
22257.740061947 0.000000000 
22257.741038444 0.000000000 
22257.742075659 0.000000000 
22257.743075209 0.000000000 
22257.744080742 0.000000000 
22257.745055280 0.000000000 
22257.746041659 0.000000000 
22257.747075071 0.000000000 
22257.748062403 0.000000000 
22257.749074015 0.000000000 
22257.750027439 0.000000000 
22257.751072598 0.000000000 
22257.752042325 0.000000000 
22257.753038422 0.000000000 
22257.754025819 0.000000000 
22257.755074350 0.000000000 
22257.756027944 0.000000000 
22257.757040845 0.000000000 
22257.758029675 0.000000000 
22257.759028473 0.000000000 
22257.760032483 0.000000000 
22257.761029878 0.000000000 
22257.762018422 0.000000000 
22257.763055387 0.000000000 
22257.764064163 0.000000000 
22257.765056351 0.000000000 
22257.766077139 0.000000000 
22257.767044274 0.000000000 
22257.768086316 0.000000000 
22257.769075286 0.000000000 
22257.770062974 0.000000000 
22257.771076140 0.000000000 
22257.772059784 0.000000000 
22257.773036727 0.000000000 
22257.774026825 0.000000000 
22257.775052218 0.000000000 
22257.776130982 0.000000000 
22257.777049706 0.000000000 
22257.778056405 0.000000000 
22257.779089250 0.000000000 
22257.780057365 0.000000000 
22257.781083897 0.000000000 
22257.782083295 0.000000000 
22257.783084291 0.000000000 
22257.784092451 0.000000000 
22257.785066035 0.000000000 
22257.786084376 0.000000000 
22257.787083955 0.000000000 
22257.788059493 0.000000000 
22257.789064871 0.000000000 
22257.790084138 0.000000000 
22257.791084776 0.000000000 
22257.792017355 0.000000000 
22257.793023861 0.000000000 
22257.794022125 0.000000000 
22257.795011248 0.000000000 
22257.796016544 0.000000000 
22257.797011621 0.000000000 
22257.798017825 0.000000000 
22257.799011275 0.000000000 
22257.800012189 0.000000000 
22257.801010314 0.000000000 
22257.802009555 0.000000000 
22257.803009379 0.000000000 
22257.804011134 0.000000000 
22257.805008972 0.000000000 
22257.806008590 0.000000000 
22257.807008632 0.000000000 
22257.808009393 0.000000000 
22257.809009004 0.000000000 
22257.810008081 0.000000000 
22257.811009817 0.000000000 
22257.812009783 0.000000000 
22257.813010480 0.000000000 
22257.814008922 0.000000000 
22257.815008621 0.000000000 
22257.816010230 0.000000000 
22257.817007770 0.000000000 
22257.818007418 0.000000000 
22257.819007655 0.000000000 
22257.820009033 0.000000000 
22257.821008020 0.000000000 
22257.822007757 0.000000000 
22257.823009465 0.000000000 
22257.824009614 0.000000000 
22257.825007796 0.000000000 
22257.826007480 0.000000000 
22257.827007570 0.000000000 
22257.828009760 0.000000000 
22257.829007718 0.000000000 
22257.830007177 0.000000000 
22257.831007179 0.000000000 
22257.832009417 0.000000000 
22257.833007729 0.000000000 
22257.834007163 0.000000000 
22257.835007239 0.000000000 
22257.836008426 0.000000000 
22257.837007259 0.000000000 
22257.838007055 0.000000000 
22257.839007187 0.000000000 
22257.840007979 0.000000000 
22257.841006922 0.000000000 
22257.842007376 0.000000000 
22257.843006828 0.000000000 
22257.844007953 0.000000000 
22257.845006827 0.000000000 
22257.846006549 0.000000000 
22257.847006567 0.000000000 
22257.848007372 0.000000000 
22257.849006875 0.000000000 
22257.850006818 0.000000000 
22257.851006641 0.000000000 
22257.852008997 0.000000000 
22257.853006256 0.000000000 
22257.854006415 0.000000000 
22257.855006110 0.000000000 
22257.856008155 0.000000000 
22257.857006362 0.000000000 
22257.858006249 0.000000000 
22257.859006240 0.000000000 
22257.860006419 0.000000000 
22257.861006201 0.000000000 
22257.862006127 0.000000000 
22257.863006118 0.000000000 
22257.864008942 0.000000000 
22257.865007076 0.000000000 
22257.866005994 0.000000000 
22257.867005835 0.000000000 
22257.868006354 0.000000000 
22257.869006147 0.000000000 
22257.870006140 0.000000000 
22257.871009283 0.000000000 
22257.872007163 0.000000000 
22257.873005871 0.000000000 
22257.874006012 0.000000000 
22257.875007887 0.000000000 
22257.876007151 0.000000000 
22257.877008782 0.000000000 
22257.878007440 0.000000000 
22257.879005805 0.000000000 
22257.880006202 0.000000000 
22257.881006410 0.000000000 
22257.882005663 0.000000000 
22257.883005412 0.000000000 
22257.884006222 0.000000000 
22257.885005785 0.000000000 
22257.886005614 0.000000000 
22257.887005414 0.000000000 
22257.888006644 0.000000000 
22257.889005437 0.000000000 
22257.890005651 0.000000000 
22257.891006256 0.000000000 
22257.892005727 0.000000000 
22257.893007009 0.000000000 
22257.894005694 0.000000000 
22257.895044959 0.000000000 
22257.896073423 0.000000000 
22257.897084503 0.000000000 
22257.898050022 0.000000000 
22257.899083670 0.000000000 
22257.900092308 0.000000000 
22257.901026649 0.000000000 
22257.902050094 0.000000000 
22257.903045441 0.000000000 
22257.904089529 0.000000000 
22257.905086906 0.000000000 
22257.906083230 0.000000000 
22257.907083373 0.000000000 
22257.908088906 0.000000000 
22257.909084968 0.000000000 
22257.910056758 0.000000000 
22257.911079961 0.000000000 
22257.912058731 0.000000000 
22257.913064665 0.000000000 
22257.914055359 0.000000000 
22257.915083976 0.000000000 
22257.916055677 0.000000000 
22257.917051286 0.000000000 
22257.918078206 0.000000000 
22257.919032365 0.000000000 
22257.920069534 0.000000000 
22257.921064514 0.000000000 
22257.922048086 0.000000000 
22257.923054607 0.000000000 
22257.924070627 0.000000000 
22257.925084447 0.000000000 
22257.926083732 0.000000000 
22257.927084141 0.000000000 
22257.928057041 0.000000000 
22257.929083286 0.000000000 
22257.930029730 0.000000000 
22257.931065464 0.000000000 
22257.932089576 0.000000000 
22257.933038577 0.000000000 
22257.934018986 0.000000000 
22257.935083402 0.000000000 
22257.936057927 0.000000000 
22257.937083444 0.000000000 
22257.938083942 0.000000000 
22257.939065183 0.000000000 
22257.940069344 0.000000000 
22257.941063282 0.000000000 
22257.942083583 0.000000000 
22257.943081956 0.000000000 
22257.944051988 0.000000000 
22257.945064752 0.000000000 
22257.946084323 0.000000000 
22257.947084238 0.000000000 
22257.948092399 0.000000000 
22257.949084016 0.000000000 
22257.950083328 0.000000000 
22257.951084001 0.000000000 
22257.952107951 0.000000000 
22257.953066332 0.000000000 
22257.954051675 0.000000000 
22257.955055645 0.000000000 
22257.956043867 0.000000000 
22257.957084604 0.000000000 
22257.958083870 0.000000000 
22257.959047646 0.000000000 
22257.960045671 0.000000000 
22257.961048892 0.000000000 
22257.962064777 0.000000000 
22257.963056430 0.000000000 
22257.964052082 0.000000000 
22257.965083347 0.000000000 
22257.966070421 0.000000000 
22257.967084898 0.000000000 
22257.968088156 0.000000000 
22257.969021625 0.000000000 
22257.970085687 0.000000000 
22257.971064799 0.000000000 
22257.972043447 0.000000000 
22257.973055646 0.000000000 
22257.974046962 0.000000000 
22257.975042063 0.000000000 
22257.976087349 0.000000000 
22257.977066829 0.000000000 
22257.978085435 0.000000000 
22257.979016384 0.000000000 
22257.980089917 0.000000000 
22257.981066178 0.000000000 
22257.982085449 0.000000000 
22257.983084820 0.000000000 
22257.984058168 0.000000000 
22257.985064979 0.000000000 
22257.986086415 0.000000000 
22257.987083737 0.000000000 
22257.988048453 0.000000000 
22257.989033082 0.000000000 
22257.990048864 0.000000000 
22257.991085275 0.000000000 
22257.992058365 0.000000000 
22257.993043567 0.000000000 
22257.994070807 0.000000000 
22257.995035894 0.000000000 
22257.996089054 0.000000000 
22257.997084462 0.000000000 
22257.998034767 0.000000000 
22257.999037590 0.000000000 
22258.000093045 0.000000000 
22258.001039772 0.000000000 
22258.002064612 0.000000000 
22258.003084605 0.000000000 
22258.004090766 0.000000000 
22258.005084885 0.000000000 
22258.006044118 0.000000000 
22258.007045310 0.000000000 
22258.008049699 0.000000000 
22258.009083809 0.000000000 
22258.010079255 0.000000000 
22258.011081495 0.000000000 
22258.012068181 0.000000000 
22258.013065714 0.000000000 
22258.014084669 0.000000000 
22258.015085275 0.000000000 
22258.016023974 0.000000000 
22258.017083318 0.000000000 
22258.018025310 0.000000000 
22258.019082373 0.000000000 
22258.020090016 0.000000000 
22258.021087418 0.000000000 
22258.022053105 0.000000000 
22258.023084972 0.000000000 
22258.024090038 0.000000000 
22258.025087116 0.000000000 
22258.026067391 0.000000000 
22258.027085307 0.000000000 
22258.028071484 0.000000000 
22258.029053947 0.000000000 
22258.030081253 0.000000000 
22258.031085655 0.000000000 
22258.032089752 0.000000000 
22258.033057474 0.000000000 
22258.034047684 0.000000000 
22258.035083977 0.000000000 
22258.036089963 0.000000000 
22258.037054720 0.000000000 
22258.038024137 0.000000000 
22258.039067281 0.000000000 
22258.040089576 0.000000000 
22258.041085219 0.000000000 
22258.042048193 0.000000000 
22258.043085691 0.000000000 
22258.044073113 0.000000000 
22258.045085562 0.000000000 
22258.046085465 0.000000000 
22258.047051209 0.000000000 
