19958.000100035 0.000000000 
19958.001104147 0.000000000 
19958.002100063 0.000000000 
19958.003106286 0.000000000 
19958.004091902 0.000000000 
19958.005144169 0.000000000 
19958.006100858 0.000000000 
19958.007100854 0.000000000 
19958.008103354 0.000000000 
19958.009147592 0.000000000 
19958.010126317 0.000000000 
19958.011149105 0.000000000 
19958.012074495 0.000000000 
19958.013101963 0.000000000 
19958.014119616 0.000000000 
19958.015147098 0.000000000 
19958.016100975 0.000000000 
19958.017124725 0.000000000 
19958.018106092 0.000000000 
19958.019122742 0.000000000 
19958.020149359 0.000000000 
19958.021139065 0.000000000 
19958.022122019 0.000000000 
19958.023143989 0.000000000 
19958.024150132 0.000000000 
19958.025138378 0.000000000 
19958.026122261 0.000000000 
19958.027074906 0.000000000 
19958.028149713 0.000000000 
19958.029145080 0.000000000 
19958.030143072 0.000000000 
19958.031084002 0.000000000 
19958.032114173 0.000000000 
19958.033143963 0.000000000 
19958.034106477 0.000000000 
19958.035115414 0.000000000 
19958.036146998 0.000000000 
19958.037102851 0.000000000 
19958.038108657 0.000000000 
19958.039126196 0.000000000 
19958.040143749 0.000000000 
19958.041072529 0.000000000 
19958.042141783 0.000000000 
19958.043142056 0.000000000 
19958.044149025 0.000000000 
19958.045143722 0.000000000 
19958.046146461 0.000000000 
19958.047096978 0.000000000 
19958.048126043 0.000000000 
19958.049141097 0.000000000 
19958.050142489 0.000000000 
19958.051111261 0.000000000 
19958.052125269 0.000000000 
19958.053103856 0.000000000 
19958.054143171 0.000000000 
19958.055101215 0.000000000 
19958.056148626 0.000000000 
19958.057145622 0.000000000 
19958.058120694 0.000000000 
19958.059144040 0.000000000 
19958.060109952 0.000000000 
19958.061137163 0.000000000 
19958.062141412 0.000000000 
19958.063192829 0.000000000 
19958.064126655 0.000000000 
19958.065143445 0.000000000 
19958.066144003 0.000000000 
19958.067111177 0.000000000 
19958.068114822 0.000000000 
19958.069101594 0.000000000 
19958.070076196 0.000000000 
19958.071143588 0.000000000 
19958.072105621 0.000000000 
19958.073099049 0.000000000 
19958.074141746 0.000000000 
19958.075072020 0.000000000 
19958.076148115 0.000000000 
19958.077142906 0.000000000 
19958.078101876 0.000000000 
19958.079111343 0.000000000 
19958.080148310 0.000000000 
19958.081140862 0.000000000 
19958.082144012 0.000000000 
19958.083143447 0.000000000 
19958.084103004 0.000000000 
19958.085138468 0.000000000 
19958.086094998 0.000000000 
19958.087141884 0.000000000 
19958.088148015 0.000000000 
19958.089108621 0.000000000 
19958.090085601 0.000000000 
19958.091105997 0.000000000 
19958.092146859 0.000000000 
19958.093102224 0.000000000 
19958.094143464 0.000000000 
19958.095143670 0.000000000 
19958.096089563 0.000000000 
19958.097142369 0.000000000 
19958.098143651 0.000000000 
19958.099076268 0.000000000 
19958.100091448 0.000000000 
19958.101105265 0.000000000 
19958.102106584 0.000000000 
19958.103144376 0.000000000 
19958.104125456 0.000000000 
19958.105142314 0.000000000 
19958.106143730 0.000000000 
19958.107115709 0.000000000 
19958.108117836 0.000000000 
19958.109092779 0.000000000 
19958.110085007 0.000000000 
19958.111093285 0.000000000 
19958.112095102 0.000000000 
19958.113093054 0.000000000 
19958.114093340 0.000000000 
19958.115092939 0.000000000 
19958.116097919 0.000000000 
19958.117100702 0.000000000 
19958.118097133 0.000000000 
19958.119111522 0.000000000 
19958.120142979 0.000000000 
19958.121141712 0.000000000 
19958.122121840 0.000000000 
19958.123072450 0.000000000 
19958.124152562 0.000000000 
19958.125141042 0.000000000 
19958.126144138 0.000000000 
19958.127108483 0.000000000 
19958.128064980 0.000000000 
19958.129134421 0.000000000 
19958.130071094 0.000000000 
19958.131078444 0.000000000 
19958.132120462 0.000000000 
19958.133138591 0.000000000 
19958.134082115 0.000000000 
19958.135137900 0.000000000 
19958.136143440 0.000000000 
19958.137098145 0.000000000 
19958.138086501 0.000000000 
19958.139136648 0.000000000 
19958.140089709 0.000000000 
19958.141111326 0.000000000 
19958.142134406 0.000000000 
19958.143133887 0.000000000 
19958.144101707 0.000000000 
19958.145133807 0.000000000 
19958.146097142 0.000000000 
19958.147125083 0.000000000 
19958.148092576 0.000000000 
19958.149140303 0.000000000 
19958.150140205 0.000000000 
19958.151120145 0.000000000 
19958.152104324 0.000000000 
19958.153140369 0.000000000 
19958.154139364 0.000000000 
19958.155141126 0.000000000 
19958.156145303 0.000000000 
19958.157127145 0.000000000 
19958.158098813 0.000000000 
19958.159138130 0.000000000 
19958.160146352 0.000000000 
19958.161110819 0.000000000 
19958.162149114 0.000000000 
19958.163148586 0.000000000 
19958.164107926 0.000000000 
19958.165146971 0.000000000 
19958.166147089 0.000000000 
19958.167092910 0.000000000 
19958.168097021 0.000000000 
19958.169149869 0.000000000 
19958.170148053 0.000000000 
19958.171122885 0.000000000 
19958.172105581 0.000000000 
19958.173109042 0.000000000 
19958.174096897 0.000000000 
19958.175119270 0.000000000 
19958.176146911 0.000000000 
19958.177087590 0.000000000 
19958.178141770 0.000000000 
19958.179141337 0.000000000 
19958.180146020 0.000000000 
19958.181118480 0.000000000 
19958.182140062 0.000000000 
19958.183118886 0.000000000 
19958.184106225 0.000000000 
19958.185140766 0.000000000 
19958.186098323 0.000000000 
19958.187081973 0.000000000 
19958.188146227 0.000000000 
19958.189138798 0.000000000 
19958.190093420 0.000000000 
19958.191141153 0.000000000 
19958.192123275 0.000000000 
19958.193088168 0.000000000 
19958.194099627 0.000000000 
19958.195139951 0.000000000 
19958.196145647 0.000000000 
19958.197080811 0.000000000 
19958.198140455 0.000000000 
19958.199141916 0.000000000 
19958.200146610 0.000000000 
19958.201101866 0.000000000 
19958.202141409 0.000000000 
19958.203128708 0.000000000 
19958.204102992 0.000000000 
19958.205140590 0.000000000 
19958.206140954 0.000000000 
19958.207075022 0.000000000 
19958.208107879 0.000000000 
19958.209141357 0.000000000 
19958.210140904 0.000000000 
19958.211140636 0.000000000 
19958.212115462 0.000000000 
19958.213099764 0.000000000 
19958.214100227 0.000000000 
19958.215137334 0.000000000 
19958.216145987 0.000000000 
19958.217122787 0.000000000 
19958.218139783 0.000000000 
19958.219140342 0.000000000 
19958.220109770 0.000000000 
19958.221117450 0.000000000 
19958.222110933 0.000000000 
19958.223136905 0.000000000 
19958.224106645 0.000000000 
19958.225138394 0.000000000 
19958.226141313 0.000000000 
19958.227111459 0.000000000 
19958.228077509 0.000000000 
19958.229144158 0.000000000 
19958.230143544 0.000000000 
19958.231140650 0.000000000 
19958.232126005 0.000000000 
19958.233121698 0.000000000 
19958.234087432 0.000000000 
19958.235094456 0.000000000 
19958.236096243 0.000000000 
19958.237107982 0.000000000 
19958.238137717 0.000000000 
19958.239138772 0.000000000 
19958.240152717 0.000000000 
19958.241138252 0.000000000 
19958.242116851 0.000000000 
19958.243090759 0.000000000 
19958.244146122 0.000000000 
19958.245136659 0.000000000 
19958.246101642 0.000000000 
19958.247130846 0.000000000 
19958.248149431 0.000000000 
19958.249139772 0.000000000 
19958.250138943 0.000000000 
19958.251100929 0.000000000 
19958.252095130 0.000000000 
19958.253141186 0.000000000 
19958.254070613 0.000000000 
19958.255096896 0.000000000 
19958.256072927 0.000000000 
19958.257105516 0.000000000 
19958.258098617 0.000000000 
19958.259099169 0.000000000 
19958.260098356 0.000000000 
19958.261096608 0.000000000 
19958.262100193 0.000000000 
19958.263095551 0.000000000 
19958.264095868 0.000000000 
19958.265096787 0.000000000 
19958.266094421 0.000000000 
19958.267094367 0.000000000 
19958.268072579 0.000000000 
19958.269080722 0.000000000 
19958.270080547 0.000000000 
19958.271080764 0.000000000 
19958.272081353 0.000000000 
19958.273080408 0.000000000 
19958.274081415 0.000000000 
19958.275075831 0.000000000 
19958.276076605 0.000000000 
19958.277080735 0.000000000 
19958.278081261 0.000000000 
19958.279080604 0.000000000 
19958.280089813 0.000000000 
19958.281077574 0.000000000 
19958.282077643 0.000000000 
19958.283077523 0.000000000 
19958.284069544 0.000000000 
19958.285067195 0.000000000 
19958.286072557 0.000000000 
19958.287077326 0.000000000 
19958.288078313 0.000000000 
19958.289078074 0.000000000 
19958.290077505 0.000000000 
19958.291077521 0.000000000 
19958.292066714 0.000000000 
19958.293075246 0.000000000 
19958.294075325 0.000000000 
19958.295075181 0.000000000 
19958.296074181 0.000000000 
19958.297075203 0.000000000 
19958.298075239 0.000000000 
19958.299075239 0.000000000 
19958.300076013 0.000000000 
19958.301064563 0.000000000 
19958.302075210 0.000000000 
19958.303075239 0.000000000 
19958.304075098 0.000000000 
19958.305073110 0.000000000 
19958.306073149 0.000000000 
19958.307073219 0.000000000 
19958.308073940 0.000000000 
19958.309073268 0.000000000 
19958.310073080 0.000000000 
19958.311073247 0.000000000 
19958.312066290 0.000000000 
19958.313073075 0.000000000 
19958.314063132 0.000000000 
19958.315073448 0.000000000 
19958.316077221 0.000000000 
19958.317065286 0.000000000 
19958.318058796 0.000000000 
19958.319071715 0.000000000 
19958.320071963 0.000000000 
19958.321071360 0.000000000 
19958.322071267 0.000000000 
19958.323071059 0.000000000 
19958.324072134 0.000000000 
19958.325057725 0.000000000 
19958.326071053 0.000000000 
19958.327041605 0.000000000 
19958.328023998 0.000000000 
19958.329069749 0.000000000 
19958.330069644 0.000000000 
19958.331064457 0.000000000 
19958.332070033 0.000000000 
19958.333061935 0.000000000 
19958.334064024 0.000000000 
19958.335069515 0.000000000 
19958.336067054 0.000000000 
19958.337067295 0.000000000 
19958.338066811 0.000000000 
19958.339069731 0.000000000 
19958.340068884 0.000000000 
19958.341068661 0.000000000 
19958.342068488 0.000000000 
19958.343060042 0.000000000 
19958.344069228 0.000000000 
19958.345068512 0.000000000 
19958.346068519 0.000000000 
19958.347068560 0.000000000 
19958.348064290 0.000000000 
19958.349068760 0.000000000 
19958.350106852 0.000000000 
19958.351068152 0.000000000 
19958.352067722 0.000000000 
19958.353067303 0.000000000 
19958.354067173 0.000000000 
19958.355067324 0.000000000 
19958.356067612 0.000000000 
19958.357067211 0.000000000 
19958.358067304 0.000000000 
19958.359067369 0.000000000 
19958.360067871 0.000000000 
19958.361067280 0.000000000 
19958.362068685 0.000000000 
19958.363058174 0.000000000 
19958.364066890 0.000000000 
19958.365066287 0.000000000 
19958.366066324 0.000000000 
19958.367066215 0.000000000 
19958.368066389 0.000000000 
19958.369066032 0.000000000 
19958.370066033 0.000000000 
19958.371066730 0.000000000 
19958.372077433 0.000000000 
19958.373090425 0.000000000 
19958.374117504 0.000000000 
19958.375066279 0.000000000 
19958.376144260 0.000000000 
19958.377139186 0.000000000 
19958.378138092 0.000000000 
19958.379100158 0.000000000 
19958.380131094 0.000000000 
19958.381106388 0.000000000 
19958.382137336 0.000000000 
19958.383138962 0.000000000 
19958.384144372 0.000000000 
19958.385075197 0.000000000 
19958.386139421 0.000000000 
19958.387134848 0.000000000 
19958.388116460 0.000000000 
19958.389069843 0.000000000 
19958.390133198 0.000000000 
19958.391134973 0.000000000 
19958.392136375 0.000000000 
19958.393133030 0.000000000 
19958.394091478 0.000000000 
19958.395132218 0.000000000 
19958.396137003 0.000000000 
19958.397132353 0.000000000 
19958.398131985 0.000000000 
19958.399132864 0.000000000 
19958.400134099 0.000000000 
19958.401064580 0.000000000 
19958.402108912 0.000000000 
19958.403094221 0.000000000 
19958.404125324 0.000000000 
19958.405140169 0.000000000 
19958.406132673 0.000000000 
19958.407096115 0.000000000 
19958.408103086 0.000000000 
19958.409091676 0.000000000 
19958.410058992 0.000000000 
19958.411113625 0.000000000 
19958.412113677 0.000000000 
19958.413132751 0.000000000 
19958.414109393 0.000000000 
19958.415109353 0.000000000 
19958.416133539 0.000000000 
19958.417097194 0.000000000 
19958.418144502 0.000000000 
19958.419134047 0.000000000 
19958.420114610 0.000000000 
19958.421099092 0.000000000 
19958.422131921 0.000000000 
19958.423132764 0.000000000 
19958.424135876 0.000000000 
19958.425110389 0.000000000 
19958.426130750 0.000000000 
19958.427132921 0.000000000 
19958.428137709 0.000000000 
19958.429089677 0.000000000 
19958.430087861 0.000000000 
19958.431096066 0.000000000 
19958.432087186 0.000000000 
19958.433133096 0.000000000 
19958.434070044 0.000000000 
19958.435132358 0.000000000 
19958.436135518 0.000000000 
19958.437131276 0.000000000 
19958.438132623 0.000000000 
19958.439132405 0.000000000 
19958.440113882 0.000000000 
19958.441063669 0.000000000 
19958.442096796 0.000000000 
19958.443127510 0.000000000 
19958.444200301 0.000000000 
19958.445138368 0.000000000 
19958.446139323 0.000000000 
19958.447139616 0.000000000 
19958.448145778 0.000000000 
19958.449133443 0.000000000 
19958.450079027 0.000000000 
19958.451080250 0.000000000 
19958.452075534 0.000000000 
19958.453146393 0.000000000 
19958.454087121 0.000000000 
19958.455087284 0.000000000 
19958.456093205 0.000000000 
19958.457137689 0.000000000 
19958.458140002 0.000000000 
19958.459139990 0.000000000 
19958.460123174 0.000000000 
19958.461140987 0.000000000 
19958.462074148 0.000000000 
19958.463139585 0.000000000 
19958.464098704 0.000000000 
19958.465117770 0.000000000 
19958.466138951 0.000000000 
19958.467088539 0.000000000 
19958.468110913 0.000000000 
19958.469083463 0.000000000 
19958.470138491 0.000000000 
19958.471139847 0.000000000 
19958.472110999 0.000000000 
19958.473111504 0.000000000 
19958.474139257 0.000000000 
19958.475264761 0.000000000 
19958.476144644 0.000000000 
19958.477140915 0.000000000 
19958.478083127 0.000000000 
19958.479072345 0.000000000 
19958.480124456 0.000000000 
19958.481140890 0.000000000 
19958.482140678 0.000000000 
19958.483112774 0.000000000 
19958.484092351 0.000000000 
19958.485074220 0.000000000 
19958.486064912 0.000000000 
19958.487136883 0.000000000 
19958.488041468 0.000000000 
19958.489080099 0.000000000 
19958.490134756 0.000000000 
19958.491098231 0.000000000 
19958.492122915 0.000000000 
19958.493099690 0.000000000 
19958.494135784 0.000000000 
19958.495069957 0.000000000 
19958.496094767 0.000000000 
19958.497140859 0.000000000 
19958.498140301 0.000000000 
19958.499116334 0.000000000 
19958.500077784 0.000000000 
19958.501090401 0.000000000 
19958.502140512 0.000000000 
19958.503140981 0.000000000 
19958.504100030 0.000000000 
19958.505098535 0.000000000 
19958.506117952 0.000000000 
19958.507141087 0.000000000 
19958.508097260 0.000000000 
19958.509082273 0.000000000 
19958.510138950 0.000000000 
19958.511140105 0.000000000 
19958.512072747 0.000000000 
19958.513060154 0.000000000 
19958.514066624 0.000000000 
19958.515094983 0.000000000 
19958.516075058 0.000000000 
19958.517074580 0.000000000 
19958.518072223 0.000000000 
19958.519069785 0.000000000 
19958.520070251 0.000000000 
19958.521069289 0.000000000 
19958.522069312 0.000000000 
19958.523069214 0.000000000 
19958.524057440 0.000000000 
19958.525068385 0.000000000 
19958.526068235 0.000000000 
19958.527068401 0.000000000 
19958.528069012 0.000000000 
19958.529062628 0.000000000 
19958.530068131 0.000000000 
19958.531062438 0.000000000 
19958.532069196 0.000000000 
19958.533068427 0.000000000 
19958.534067011 0.000000000 
19958.535068252 0.000000000 
19958.536067618 0.000000000 
19958.537079418 0.000000000 
19958.538067526 0.000000000 
19958.539065880 0.000000000 
19958.540068070 0.000000000 
19958.541061886 0.000000000 
19958.542067304 0.000000000 
19958.543067314 0.000000000 
19958.544067943 0.000000000 
19958.545067179 0.000000000 
19958.546067207 0.000000000 
19958.547067217 0.000000000 
19958.548066514 0.000000000 
19958.549065879 0.000000000 
19958.550065956 0.000000000 
19958.551044436 0.000000000 
19958.552066477 0.000000000 
19958.553066226 0.000000000 
19958.554069823 0.000000000 
19958.555061121 0.000000000 
19958.556067018 0.000000000 
19958.557066148 0.000000000 
19958.558066336 0.000000000 
19958.559066308 0.000000000 
19958.560066065 0.000000000 
19958.561065461 0.000000000 
19958.562065369 0.000000000 
19958.563065300 0.000000000 
19958.564065388 0.000000000 
19958.565066085 0.000000000 
19958.566065033 0.000000000 
19958.567064988 0.000000000 
19958.568065720 0.000000000 
19958.569065298 0.000000000 
19958.570065266 0.000000000 
19958.571065345 0.000000000 
19958.572103887 0.000000000 
19958.573059809 0.000000000 
19958.574059807 0.000000000 
19958.575059794 0.000000000 
19958.576058353 0.000000000 
19958.577059901 0.000000000 
19958.578059858 0.000000000 
19958.579059840 0.000000000 
19958.580060100 0.000000000 
19958.581059668 0.000000000 
19958.582059678 0.000000000 
19958.583059662 0.000000000 
19958.584060174 0.000000000 
19958.585059976 0.000000000 
19958.586058944 0.000000000 
19958.587059916 0.000000000 
19958.588122829 0.000000000 
19958.589138673 0.000000000 
19958.590138961 0.000000000 
19958.591127312 0.000000000 
19958.592116380 0.000000000 
19958.593103273 0.000000000 
19958.594102429 0.000000000 
19958.595070033 0.000000000 
19958.596078445 0.000000000 
19958.597115577 0.000000000 
19958.598138522 0.000000000 
19958.599139301 0.000000000 
19958.600152898 0.000000000 
19958.601080764 0.000000000 
19958.602117124 0.000000000 
19958.603138400 0.000000000 
19958.604144026 0.000000000 
19958.605096029 0.000000000 
19958.606097271 0.000000000 
19958.607093761 0.000000000 
19958.608126226 0.000000000 
19958.609117789 0.000000000 
19958.610140363 0.000000000 
19958.611076617 0.000000000 
19958.612146217 0.000000000 
19958.613140086 0.000000000 
19958.614140815 0.000000000 
19958.615090279 0.000000000 
19958.616097176 0.000000000 
19958.617066695 0.000000000 
19958.618102799 0.000000000 
19958.619139816 0.000000000 
19958.620145467 0.000000000 
19958.621137652 0.000000000 
19958.622138797 0.000000000 
19958.623148387 0.000000000 
19958.624142767 0.000000000 
19958.625080047 0.000000000 
19958.626106435 0.000000000 
19958.627096059 0.000000000 
19958.628145228 0.000000000 
19958.629139738 0.000000000 
19958.630116704 0.000000000 
19958.631139904 0.000000000 
19958.632103830 0.000000000 
19958.633139007 0.000000000 
19958.634099831 0.000000000 
19958.635086660 0.000000000 
19958.636093312 0.000000000 
19958.637048299 0.000000000 
19958.638073051 0.000000000 
19958.639080355 0.000000000 
19958.640048847 0.000000000 
19958.641080411 0.000000000 
19958.642081085 0.000000000 
19958.643080727 0.000000000 
19958.644089505 0.000000000 
19958.645084329 0.000000000 
19958.646091005 0.000000000 
19958.647091036 0.000000000 
19958.648093087 0.000000000 
19958.649091035 0.000000000 
19958.650091099 0.000000000 
19958.651067258 0.000000000 
19958.652082633 0.000000000 
19958.653086972 0.000000000 
19958.654058708 0.000000000 
19958.655342030 0.000000000 
19958.656081211 0.000000000 
19958.657070637 0.000000000 
19958.658058116 0.000000000 
19958.659073440 0.000000000 
19958.660061018 0.000000000 
19958.661060051 0.000000000 
19958.662062136 0.000000000 
19958.663059618 0.000000000 
19958.664060938 0.000000000 
19958.665058751 0.000000000 
19958.666105248 0.000000000 
19958.667061210 0.000000000 
19958.668060290 0.000000000 
19958.669060607 0.000000000 
19958.670060274 0.000000000 
19958.671061359 0.000000000 
19958.672062371 0.000000000 
19958.673081490 0.000000000 
19958.674091944 0.000000000 
19958.675086252 0.000000000 
19958.676092852 0.000000000 
19958.677110375 0.000000000 
19958.678091706 0.000000000 
19958.679083490 0.000000000 
19958.680134454 0.000000000 
19958.681104723 0.000000000 
19958.682134587 0.000000000 
19958.683085512 0.000000000 
19958.684097337 0.000000000 
19958.685132204 0.000000000 
19958.686132893 0.000000000 
19958.687129837 0.000000000 
19958.688113851 0.000000000 
19958.689090021 0.000000000 
19958.690062423 0.000000000 
19958.691139042 0.000000000 
19958.692117157 0.000000000 
19958.693078220 0.000000000 
19958.694137311 0.000000000 
19958.695113860 0.000000000 
19958.696137820 0.000000000 
19958.697133512 0.000000000 
19958.698104229 0.000000000 
19958.699131140 0.000000000 
19958.700137579 0.000000000 
19958.701088665 0.000000000 
19958.702132833 0.000000000 
19958.703087506 0.000000000 
19958.704136450 0.000000000 
19958.705139613 0.000000000 
19958.706115325 0.000000000 
19958.707113410 0.000000000 
19958.708141380 0.000000000 
19958.709089253 0.000000000 
19958.710089528 0.000000000 
19958.711133007 0.000000000 
19958.712094997 0.000000000 
19958.713072006 0.000000000 
19958.714102515 0.000000000 
19958.715134068 0.000000000 
19958.716099714 0.000000000 
19958.717099227 0.000000000 
19958.718139613 0.000000000 
19958.719139902 0.000000000 
19958.720115820 0.000000000 
19958.721137587 0.000000000 
19958.722095399 0.000000000 
19958.723141717 0.000000000 
19958.724146300 0.000000000 
19958.725123225 0.000000000 
19958.726142106 0.000000000 
19958.727145301 0.000000000 
19958.728147744 0.000000000 
19958.729139719 0.000000000 
19958.730080148 0.000000000 
19958.731147963 0.000000000 
19958.732124723 0.000000000 
19958.733138973 0.000000000 
19958.734100037 0.000000000 
19958.735138848 0.000000000 
19958.736054183 0.000000000 
19958.737097183 0.000000000 
19958.738140820 0.000000000 
19958.739137425 0.000000000 
19958.740100300 0.000000000 
19958.741073666 0.000000000 
19958.742096410 0.000000000 
19958.743137777 0.000000000 
19958.744099666 0.000000000 
19958.745139661 0.000000000 
19958.746088553 0.000000000 
19958.747075335 0.000000000 
19958.748100335 0.000000000 
19958.749139757 0.000000000 
19958.750139324 0.000000000 
19958.751066613 0.000000000 
19958.752090128 0.000000000 
19958.753141097 0.000000000 
19958.754141109 0.000000000 
19958.755076685 0.000000000 
19958.756158289 0.000000000 
19958.757117524 0.000000000 
19958.758139561 0.000000000 
19958.759140606 0.000000000 
19958.760143506 0.000000000 
19958.761128650 0.000000000 
19958.762087527 0.000000000 
19958.763135145 0.000000000 
19958.764115668 0.000000000 
19958.765132695 0.000000000 
19958.766096685 0.000000000 
19958.767073355 0.000000000 
19958.768095057 0.000000000 
19958.769087362 0.000000000 
19958.770085752 0.000000000 
19958.771110440 0.000000000 
19958.772093739 0.000000000 
19958.773087841 0.000000000 
19958.774094068 0.000000000 
19958.775092374 0.000000000 
19958.776087806 0.000000000 
19958.777092339 0.000000000 
19958.778092081 0.000000000 
19958.779093159 0.000000000 
19958.780101364 0.000000000 
19958.781084789 0.000000000 
19958.782088517 0.000000000 
19958.783089351 0.000000000 
19958.784089207 0.000000000 
19958.785085040 0.000000000 
19958.786084893 0.000000000 
19958.787066868 0.000000000 
19958.788080237 0.000000000 
19958.789069862 0.000000000 
19958.790065147 0.000000000 
19958.791074393 0.000000000 
19958.792085688 0.000000000 
19958.793074238 0.000000000 
19958.794072941 0.000000000 
19958.795073321 0.000000000 
19958.796081582 0.000000000 
19958.797073156 0.000000000 
19958.798073035 0.000000000 
19958.799073125 0.000000000 
19958.800073171 0.000000000 
19958.801064881 0.000000000 
19958.802063073 0.000000000 
19958.803073974 0.000000000 
19958.804062713 0.000000000 
19958.805071144 0.000000000 
19958.806071225 0.000000000 
19958.807071052 0.000000000 
19958.808071749 0.000000000 
19958.809070977 0.000000000 
19958.810071216 0.000000000 
19958.811070773 0.000000000 
19958.812069068 0.000000000 
19958.813071341 0.000000000 
19958.814071313 0.000000000 
19958.815071177 0.000000000 
19958.816074601 0.000000000 
19958.817061123 0.000000000 
19958.818069843 0.000000000 
19958.819069963 0.000000000 
19958.820070580 0.000000000 
19958.821069903 0.000000000 
19958.822069721 0.000000000 
19958.823069716 0.000000000 
19958.824070142 0.000000000 
19958.825069488 0.000000000 
19958.826069538 0.000000000 
19958.827069939 0.000000000 
19958.828069078 0.000000000 
19958.829068346 0.000000000 
19958.830068559 0.000000000 
19958.831068244 0.000000000 
19958.832068958 0.000000000 
19958.833068512 0.000000000 
19958.834064205 0.000000000 
19958.835068623 0.000000000 
19958.836068874 0.000000000 
19958.837068160 0.000000000 
19958.838068301 0.000000000 
19958.839068789 0.000000000 
19958.840067895 0.000000000 
19958.841067026 0.000000000 
19958.842066973 0.000000000 
19958.843060724 0.000000000 
19958.844067843 0.000000000 
19958.845067262 0.000000000 
19958.846067205 0.000000000 
19958.847059557 0.000000000 
19958.848067992 0.000000000 
19958.849067270 0.000000000 
19958.850067163 0.000000000 
19958.851061124 0.000000000 
19958.852066667 0.000000000 
19958.853066278 0.000000000 
19958.854066208 0.000000000 
19958.855060973 0.000000000 
19958.856066694 0.000000000 
19958.857065779 0.000000000 
19958.858060754 0.000000000 
19958.859058440 0.000000000 
19958.860066673 0.000000000 
19958.861065990 0.000000000 
19958.862066103 0.000000000 
19958.863066019 0.000000000 
19958.864062148 0.000000000 
19958.865065091 0.000000000 
19958.866065248 0.000000000 
19958.867074862 0.000000000 
19958.868064347 0.000000000 
19958.869064839 0.000000000 
19958.870063320 0.000000000 
19958.871065067 0.000000000 
19958.872065781 0.000000000 
19958.873119642 0.000000000 
19958.874142146 0.000000000 
19958.875135629 0.000000000 
19958.876085405 0.000000000 
19958.877092834 0.000000000 
19958.878102620 0.000000000 
19958.879132969 0.000000000 
19958.880136119 0.000000000 
19958.881134969 0.000000000 
19958.882133406 0.000000000 
19958.883134355 0.000000000 
19958.884084751 0.000000000 
19958.885088410 0.000000000 
19958.886092353 0.000000000 
19958.887098390 0.000000000 
19958.888132452 0.000000000 
19958.889131914 0.000000000 
19958.890132106 0.000000000 
19958.891139765 0.000000000 
19958.892135076 0.000000000 
19958.893131233 0.000000000 
19958.894132099 0.000000000 
19958.895241551 0.000000000 
19958.896099880 0.000000000 
19958.897111513 0.000000000 
19958.898132578 0.000000000 
19958.899083831 0.000000000 
19958.900137083 0.000000000 
19958.901111840 0.000000000 
19958.902099168 0.000000000 
19958.903133185 0.000000000 
19958.904135775 0.000000000 
19958.905087428 0.000000000 
19958.906132681 0.000000000 
19958.907087467 0.000000000 
19958.908106856 0.000000000 
19958.909131486 0.000000000 
19958.910132100 0.000000000 
19958.911133647 0.000000000 
19958.912089884 0.000000000 
19958.913132419 0.000000000 
19958.914131320 0.000000000 
19958.915085903 0.000000000 
19958.916069599 0.000000000 
19958.917082646 0.000000000 
19958.918069454 0.000000000 
19958.919084907 0.000000000 
19958.920086233 0.000000000 
19958.921084011 0.000000000 
19958.922083948 0.000000000 
19958.923084196 0.000000000 
19958.924041387 0.000000000 
19958.925076434 0.000000000 
19958.926116628 0.000000000 
19958.927140425 0.000000000 
19958.928093837 0.000000000 
19958.929135324 0.000000000 
19958.930140438 0.000000000 
19958.931080369 0.000000000 
19958.932085564 0.000000000 
19958.933139353 0.000000000 
19958.934128988 0.000000000 
19958.935118962 0.000000000 
19958.936148603 0.000000000 
19958.937069947 0.000000000 
19958.938076194 0.000000000 
19958.939133817 0.000000000 
19958.940098806 0.000000000 
19958.941139892 0.000000000 
19958.942086633 0.000000000 
19958.943083313 0.000000000 
19958.944089553 0.000000000 
19958.945113946 0.000000000 
19958.946137870 0.000000000 
19958.947112558 0.000000000 
19958.948118376 0.000000000 
19958.949102278 0.000000000 
19958.950136032 0.000000000 
19958.951091230 0.000000000 
19958.952104754 0.000000000 
19958.953111602 0.000000000 
19958.954107498 0.000000000 
19958.955109477 0.000000000 
19958.956093080 0.000000000 
19958.957092439 0.000000000 
19958.958115254 0.000000000 
19958.959137071 0.000000000 
19958.960140419 0.000000000 
19958.961137190 0.000000000 
19958.962137232 0.000000000 
19958.963137586 0.000000000 
19958.964140721 0.000000000 
19958.965101604 0.000000000 
19958.966133349 0.000000000 
19958.967101189 0.000000000 
19958.968076295 0.000000000 
19958.969096368 0.000000000 
19958.970132588 0.000000000 
19958.971098478 0.000000000 
19958.972096261 0.000000000 
19958.973076188 0.000000000 
19958.974137841 0.000000000 
19958.975139332 0.000000000 
19958.976145218 0.000000000 
19958.977147857 0.000000000 
19958.978138799 0.000000000 
19958.979139077 0.000000000 
19958.980079009 0.000000000 
19958.981139288 0.000000000 
19958.982081029 0.000000000 
19958.983096456 0.000000000 
19958.984144964 0.000000000 
19958.985080490 0.000000000 
19958.986140028 0.000000000 
19958.987135746 0.000000000 
19958.988083054 0.000000000 
19958.989114348 0.000000000 
19958.990121156 0.000000000 
19958.991140844 0.000000000 
19958.992076535 0.000000000 
19958.993140348 0.000000000 
19958.994104048 0.000000000 
19958.995140038 0.000000000 
19958.996146074 0.000000000 
19958.997118499 0.000000000 
19958.998139740 0.000000000 
19958.999117593 0.000000000 
19959.000097224 0.000000000 
19959.001165948 0.000000000 
19959.002080446 0.000000000 
19959.003112527 0.000000000 
19959.004145249 0.000000000 
19959.005138015 0.000000000 
19959.006139887 0.000000000 
19959.007139208 0.000000000 
19959.008080322 0.000000000 
19959.009140762 0.000000000 
19959.010140414 0.000000000 
19959.011096477 0.000000000 
19959.012143772 0.000000000 
19959.013143634 0.000000000 
19959.014118580 0.000000000 
19959.015143114 0.000000000 
19959.016145878 0.000000000 
19959.017115078 0.000000000 
19959.018136812 0.000000000 
19959.019137431 0.000000000 
19959.020141343 0.000000000 
19959.021092252 0.000000000 
19959.022101137 0.000000000 
19959.023115142 0.000000000 
19959.024083132 0.000000000 
19959.025066632 0.000000000 
19959.026065643 0.000000000 
19959.027065595 0.000000000 
19959.028082920 0.000000000 
19959.029070652 0.000000000 
19959.030066871 0.000000000 
19959.031094173 0.000000000 
19959.032069192 0.000000000 
19959.033064689 0.000000000 
19959.034065073 0.000000000 
19959.035064875 0.000000000 
19959.036062994 0.000000000 
19959.037061733 0.000000000 
19959.038061957 0.000000000 
19959.039061401 0.000000000 
19959.040062684 0.000000000 
19959.041066005 0.000000000 
19959.042062105 0.000000000 
19959.043062162 0.000000000 
19959.044062628 0.000000000 
19959.045061469 0.000000000 
19959.046061327 0.000000000 
19959.047061420 0.000000000 
19959.048061147 0.000000000 
19959.049060114 0.000000000 
19959.050060714 0.000000000 
19959.051059588 0.000000000 
19959.052061752 0.000000000 
19959.053060719 0.000000000 
19959.054060394 0.000000000 
19959.055060303 0.000000000 
19959.056061365 0.000000000 
19959.057060359 0.000000000 
19959.058060666 0.000000000 
19959.059060401 0.000000000 
19959.060061583 0.000000000 
19959.061060420 0.000000000 
19959.062059464 0.000000000 
19959.063059741 0.000000000 
19959.064060171 0.000000000 
19959.065059198 0.000000000 
19959.066059358 0.000000000 
19959.067073035 0.000000000 
19959.068079285 0.000000000 
19959.069066596 0.000000000 
19959.070073093 0.000000000 
19959.071071910 0.000000000 
19959.072082218 0.000000000 
19959.073071478 0.000000000 
19959.074063231 0.000000000 
19959.075081220 0.000000000 
19959.076071970 0.000000000 
19959.077062867 0.000000000 
19959.078071750 0.000000000 
19959.079071599 0.000000000 
19959.080071721 0.000000000 
19959.081070889 0.000000000 
19959.082070870 0.000000000 
19959.083070964 0.000000000 
19959.084079255 0.000000000 
19959.085053597 0.000000000 
19959.086069849 0.000000000 
19959.087070015 0.000000000 
19959.088066101 0.000000000 
19959.089060559 0.000000000 
19959.090069770 0.000000000 
19959.091069685 0.000000000 
19959.092086125 0.000000000 
19959.093069364 0.000000000 
19959.094064804 0.000000000 
19959.095069881 0.000000000 
19959.096060440 0.000000000 
19959.097068037 0.000000000 
19959.098060893 0.000000000 
19959.099068556 0.000000000 
19959.100068920 0.000000000 
19959.101067985 0.000000000 
19959.102068402 0.000000000 
19959.103068201 0.000000000 
19959.104068517 0.000000000 
19959.105066192 0.000000000 
19959.106060800 0.000000000 
19959.107068505 0.000000000 
19959.108070891 0.000000000 
19959.109067371 0.000000000 
19959.110067231 0.000000000 
19959.111067316 0.000000000 
19959.112063109 0.000000000 
19959.113066873 0.000000000 
19959.114066870 0.000000000 
19959.115066830 0.000000000 
19959.116067502 0.000000000 
19959.117066921 0.000000000 
19959.118061579 0.000000000 
19959.119067184 0.000000000 
19959.120066961 0.000000000 
19959.121066261 0.000000000 
19959.122066195 0.000000000 
19959.123066214 0.000000000 
19959.124066374 0.000000000 
19959.125065780 0.000000000 
19959.126066096 0.000000000 
19959.127066235 0.000000000 
19959.128067043 0.000000000 
19959.129066201 0.000000000 
19959.130066177 0.000000000 
19959.131059082 0.000000000 
19959.132065549 0.000000000 
19959.133064895 0.000000000 
19959.134073056 0.000000000 
19959.135127698 0.000000000 
19959.136113499 0.000000000 
19959.137092582 0.000000000 
19959.138070792 0.000000000 
19959.139141876 0.000000000 
19959.140147932 0.000000000 
19959.141139360 0.000000000 
19959.142153515 0.000000000 
19959.143133693 0.000000000 
19959.144138652 0.000000000 
19959.145131914 0.000000000 
19959.146071294 0.000000000 
19959.147131215 0.000000000 
19959.148090288 0.000000000 
19959.149144249 0.000000000 
19959.150115802 0.000000000 
19959.151139082 0.000000000 
19959.152133626 0.000000000 
19959.153132173 0.000000000 
19959.154131840 0.000000000 
19959.155134468 0.000000000 
19959.156098335 0.000000000 
19959.157133198 0.000000000 
19959.158102373 0.000000000 
19959.159109411 0.000000000 
19959.160135839 0.000000000 
19959.161134454 0.000000000 
19959.162132031 0.000000000 
19959.163132786 0.000000000 
19959.164137048 0.000000000 
19959.165132326 0.000000000 
19959.166101469 0.000000000 
19959.167247752 0.000000000 
19959.168137871 0.000000000 
19959.169110483 0.000000000 
19959.170132693 0.000000000 
19959.171132416 0.000000000 
19959.172101000 0.000000000 
19959.173130217 0.000000000 
19959.174108464 0.000000000 
19959.175134444 0.000000000 
19959.176139959 0.000000000 
19959.177108874 0.000000000 
19959.178068767 0.000000000 
19959.179091625 0.000000000 
19959.180098854 0.000000000 
19959.181137026 0.000000000 
19959.182100593 0.000000000 
19959.183139021 0.000000000 
19959.184038137 0.000000000 
19959.185130157 0.000000000 
19959.186132395 0.000000000 
19959.187088412 0.000000000 
19959.188110235 0.000000000 
19959.189100365 0.000000000 
19959.190093634 0.000000000 
19959.191100462 0.000000000 
19959.192137425 0.000000000 
19959.193133721 0.000000000 
19959.194108075 0.000000000 
19959.195132692 0.000000000 
19959.196104980 0.000000000 
19959.197138645 0.000000000 
19959.198082470 0.000000000 
19959.199139102 0.000000000 
19959.200139886 0.000000000 
19959.201083085 0.000000000 
19959.202139035 0.000000000 
19959.203139689 0.000000000 
19959.204081216 0.000000000 
19959.205137695 0.000000000 
19959.206086155 0.000000000 
19959.207139093 0.000000000 
19959.208155453 0.000000000 
19959.209093189 0.000000000 
19959.210105154 0.000000000 
19959.211139255 0.000000000 
19959.212123512 0.000000000 
19959.213141335 0.000000000 
19959.214139438 0.000000000 
19959.215118203 0.000000000 
19959.216145046 0.000000000 
19959.217132861 0.000000000 
19959.218127191 0.000000000 
19959.219116017 0.000000000 
19959.220124871 0.000000000 
19959.221138339 0.000000000 
19959.222139805 0.000000000 
19959.223140124 0.000000000 
19959.224146270 0.000000000 
19959.225081912 0.000000000 
19959.226139260 0.000000000 
19959.227139553 0.000000000 
19959.228144156 0.000000000 
19959.229113545 0.000000000 
19959.230137517 0.000000000 
19959.231097875 0.000000000 
19959.232096995 0.000000000 
19959.233139229 0.000000000 
19959.234098304 0.000000000 
19959.235091485 0.000000000 
19959.236123416 0.000000000 
19959.237138127 0.000000000 
19959.238061869 0.000000000 
19959.239091667 0.000000000 
19959.240076154 0.000000000 
19959.241139235 0.000000000 
19959.242070532 0.000000000 
19959.243117391 0.000000000 
19959.244110789 0.000000000 
19959.245139898 0.000000000 
19959.246141564 0.000000000 
19959.247088136 0.000000000 
19959.248144366 0.000000000 
19959.249110728 0.000000000 
19959.250117536 0.000000000 
19959.251072506 0.000000000 
19959.252121726 0.000000000 
19959.253137875 0.000000000 
19959.254111944 0.000000000 
19959.255071394 0.000000000 
19959.256135608 0.000000000 
19959.257111040 0.000000000 
19959.258135152 0.000000000 
19959.259115004 0.000000000 
19959.260146533 0.000000000 
19959.261111732 0.000000000 
19959.262138295 0.000000000 
19959.263106130 0.000000000 
19959.264097934 0.000000000 
19959.265116584 0.000000000 
19959.266139529 0.000000000 
19959.267097747 0.000000000 
19959.268121313 0.000000000 
19959.269102408 0.000000000 
19959.270123458 0.000000000 
19959.271103972 0.000000000 
19959.272082606 0.000000000 
19959.273090316 0.000000000 
19959.274095074 0.000000000 
19959.275138000 0.000000000 
19959.276089066 0.000000000 
19959.277139123 0.000000000 
19959.278137266 0.000000000 
19959.279137690 0.000000000 
19959.280094068 0.000000000 
19959.281085547 0.000000000 
19959.282079295 0.000000000 
19959.283077243 0.000000000 
19959.284099252 0.000000000 
19959.285077548 0.000000000 
19959.286080714 0.000000000 
19959.287066720 0.000000000 
19959.288081692 0.000000000 
19959.289070867 0.000000000 
19959.290079849 0.000000000 
19959.291068901 0.000000000 
19959.292050063 0.000000000 
19959.293070682 0.000000000 
19959.294080557 0.000000000 
19959.295067027 0.000000000 
19959.296067179 0.000000000 
19959.297077870 0.000000000 
19959.298077502 0.000000000 
19959.299077474 0.000000000 
19959.300078446 0.000000000 
19959.301076297 0.000000000 
19959.302068059 0.000000000 
19959.303076467 0.000000000 
19959.304078845 0.000000000 
19959.305077768 0.000000000 
19959.306077676 0.000000000 
19959.307077677 0.000000000 
19959.308080871 0.000000000 
19959.309080937 0.000000000 
19959.310066981 0.000000000 
19959.311072109 0.000000000 
19959.312068707 0.000000000 
19959.313073053 0.000000000 
19959.314074386 0.000000000 
19959.315074749 0.000000000 
19959.316076071 0.000000000 
19959.317075025 0.000000000 
19959.318065028 0.000000000 
19959.319064473 0.000000000 
19959.320083860 0.000000000 
19959.321085904 0.000000000 
19959.322085873 0.000000000 
19959.323084729 0.000000000 
19959.324088031 0.000000000 
19959.325060247 0.000000000 
19959.326072881 0.000000000 
19959.327072710 0.000000000 
19959.328073839 0.000000000 
19959.329073304 0.000000000 
19959.330073109 0.000000000 
19959.331062074 0.000000000 
19959.332024892 0.000000000 
19959.333064882 0.000000000 
19959.334750426 0.000000000 
19959.335069090 0.000000000 
19959.336067593 0.000000000 
19959.337069960 0.000000000 
19959.338068515 0.000000000 
19959.339062957 0.000000000 
19959.340065753 0.000000000 
19959.341071390 0.000000000 
19959.342062583 0.000000000 
19959.343061650 0.000000000 
19959.344060034 0.000000000 
19959.345070774 0.000000000 
19959.346070999 0.000000000 
19959.347071349 0.000000000 
19959.348074646 0.000000000 
19959.349069524 0.000000000 
19959.350059597 0.000000000 
19959.351063120 0.000000000 
19959.352070099 0.000000000 
19959.353069457 0.000000000 
19959.354059116 0.000000000 
19959.355071056 0.000000000 
19959.356070317 0.000000000 
19959.357069701 0.000000000 
19959.358069591 0.000000000 
19959.359061803 0.000000000 
19959.360068795 0.000000000 
19959.361068665 0.000000000 
19959.362068582 0.000000000 
19959.363068475 0.000000000 
19959.364073589 0.000000000 
19959.365068480 0.000000000 
19959.366068420 0.000000000 
19959.367063479 0.000000000 
19959.368068912 0.000000000 
19959.369061011 0.000000000 
19959.370067937 0.000000000 
19959.371068171 0.000000000 
19959.372069113 0.000000000 
19959.373066863 0.000000000 
19959.374066981 0.000000000 
19959.375066928 0.000000000 
19959.376060938 0.000000000 
19959.377067129 0.000000000 
19959.378067152 0.000000000 
19959.379057643 0.000000000 
19959.380067884 0.000000000 
19959.381067283 0.000000000 
19959.382067376 0.000000000 
19959.383067374 0.000000000 
19959.384064170 0.000000000 
19959.385060084 0.000000000 
19959.386066062 0.000000000 
19959.387066278 0.000000000 
19959.388071018 0.000000000 
19959.389058819 0.000000000 
19959.390057290 0.000000000 
19959.391056813 0.000000000 
19959.392057615 0.000000000 
19959.393089318 0.000000000 
19959.394122200 0.000000000 
19959.395100213 0.000000000 
19959.396146356 0.000000000 
19959.397139162 0.000000000 
19959.398130490 0.000000000 
19959.399083391 0.000000000 
19959.400099425 0.000000000 
19959.401085592 0.000000000 
19959.402137357 0.000000000 
19959.403141714 0.000000000 
19959.404105690 0.000000000 
19959.405135235 0.000000000 
19959.406081360 0.000000000 
19959.407131467 0.000000000 
19959.408094313 0.000000000 
19959.409140613 0.000000000 
19959.410117927 0.000000000 
19959.411140952 0.000000000 
19959.412109995 0.000000000 
19959.413139281 0.000000000 
19959.414140062 0.000000000 
19959.415140115 0.000000000 
19959.416076516 0.000000000 
19959.417083862 0.000000000 
19959.418092067 0.000000000 
19959.419123315 0.000000000 
19959.420144667 0.000000000 
19959.421129073 0.000000000 
19959.422140224 0.000000000 
19959.423140063 0.000000000 
19959.424146210 0.000000000 
19959.425139995 0.000000000 
19959.426084863 0.000000000 
19959.427083218 0.000000000 
19959.428142395 0.000000000 
19959.429099915 0.000000000 
19959.430117143 0.000000000 
19959.431123413 0.000000000 
19959.432118164 0.000000000 
19959.433136789 0.000000000 
19959.434090035 0.000000000 
19959.435140058 0.000000000 
19959.436144645 0.000000000 
19959.437081721 0.000000000 
19959.438087491 0.000000000 
19959.439129827 0.000000000 
19959.440137524 0.000000000 
19959.441134172 0.000000000 
19959.442132160 0.000000000 
19959.443108360 0.000000000 
19959.444103939 0.000000000 
19959.445095066 0.000000000 
19959.446088962 0.000000000 
19959.447140189 0.000000000 
19959.448116572 0.000000000 
19959.449139193 0.000000000 
19959.450110816 0.000000000 
19959.451083189 0.000000000 
19959.452110170 0.000000000 
19959.453141604 0.000000000 
19959.454141527 0.000000000 
19959.455139003 0.000000000 
19959.456123050 0.000000000 
19959.457071937 0.000000000 
19959.458116005 0.000000000 
19959.459139090 0.000000000 
19959.460146820 0.000000000 
19959.461097877 0.000000000 
19959.462140105 0.000000000 
19959.463138620 0.000000000 
19959.464146766 0.000000000 
19959.465138540 0.000000000 
19959.466077673 0.000000000 
19959.467081821 0.000000000 
19959.468117276 0.000000000 
19959.469119163 0.000000000 
19959.470104125 0.000000000 
19959.471120642 0.000000000 
19959.472144191 0.000000000 
19959.473100625 0.000000000 
19959.474141979 0.000000000 
19959.475131100 0.000000000 
19959.476086471 0.000000000 
19959.477139481 0.000000000 
19959.478141539 0.000000000 
19959.479037288 0.000000000 
19959.480142655 0.000000000 
19959.481118117 0.000000000 
19959.482109239 0.000000000 
19959.483139621 0.000000000 
19959.484147234 0.000000000 
19959.485097831 0.000000000 
19959.486102434 0.000000000 
19959.487140007 0.000000000 
19959.488146901 0.000000000 
19959.489099021 0.000000000 
19959.490087712 0.000000000 
19959.491127581 0.000000000 
19959.492120867 0.000000000 
19959.493083731 0.000000000 
19959.494141765 0.000000000 
19959.495088758 0.000000000 
19959.496094621 0.000000000 
19959.497117258 0.000000000 
19959.498140293 0.000000000 
19959.499139028 0.000000000 
19959.500145706 0.000000000 
19959.501086860 0.000000000 
19959.502140224 0.000000000 
19959.503142000 0.000000000 
19959.504093187 0.000000000 
19959.505137430 0.000000000 
19959.506141748 0.000000000 
19959.507142086 0.000000000 
19959.508146925 0.000000000 
19959.509139621 0.000000000 
19959.510085063 0.000000000 
19959.511083754 0.000000000 
19959.512121232 0.000000000 
19959.513140524 0.000000000 
19959.514101854 0.000000000 
19959.515135042 0.000000000 
19959.516141104 0.000000000 
19959.517135824 0.000000000 
19959.518103829 0.000000000 
19959.519138245 0.000000000 
19959.520099790 0.000000000 
19959.521140661 0.000000000 
19959.522075876 0.000000000 
19959.523141959 0.000000000 
19959.524109398 0.000000000 
19959.525140617 0.000000000 
19959.526141211 0.000000000 
19959.527097684 0.000000000 
19959.528145170 0.000000000 
19959.529142286 0.000000000 
19959.530122785 0.000000000 
19959.531140212 0.000000000 
19959.532123477 0.000000000 
19959.533094313 0.000000000 
19959.534091926 0.000000000 
19959.535140469 0.000000000 
19959.536095725 0.000000000 
19959.537081387 0.000000000 
19959.538067857 0.000000000 
19959.539079568 0.000000000 
19959.540081341 0.000000000 
19959.541096609 0.000000000 
19959.542068451 0.000000000 
19959.543074494 0.000000000 
19959.544078486 0.000000000 
19959.545084712 0.000000000 
19959.546077593 0.000000000 
19959.547077605 0.000000000 
19959.548083014 0.000000000 
19959.549074802 0.000000000 
19959.550071457 0.000000000 
19959.551074975 0.000000000 
19959.552069204 0.000000000 
19959.553063758 0.000000000 
19959.554069073 0.000000000 
19959.555075206 0.000000000 
19959.556075486 0.000000000 
19959.557081025 0.000000000 
19959.558075271 0.000000000 
19959.559075180 0.000000000 
19959.560073255 0.000000000 
19959.561060936 0.000000000 
19959.562062990 0.000000000 
19959.563072882 0.000000000 
19959.564073229 0.000000000 
19959.565072330 0.000000000 
19959.566072215 0.000000000 
19959.567072656 0.000000000 
19959.568074195 0.000000000 
19959.569072701 0.000000000 
19959.570072674 0.000000000 
19959.571034403 0.000000000 
19959.572082600 0.000000000 
19959.573071363 0.000000000 
19959.574071261 0.000000000 
19959.575071214 0.000000000 
19959.576071384 0.000000000 
19959.577070812 0.000000000 
19959.578070701 0.000000000 
19959.579071190 0.000000000 
19959.580062890 0.000000000 
19959.581071124 0.000000000 
19959.582071094 0.000000000 
19959.583071210 0.000000000 
19959.584080620 0.000000000 
19959.585069214 0.000000000 
19959.586058658 0.000000000 
19959.587059239 0.000000000 
19959.588070127 0.000000000 
19959.589069433 0.000000000 
19959.590069491 0.000000000 
19959.591073488 0.000000000 
19959.592070769 0.000000000 
19959.593069604 0.000000000 
19959.594069692 0.000000000 
19959.595069743 0.000000000 
19959.596068542 0.000000000 
19959.597068109 0.000000000 
19959.598067964 0.000000000 
19959.599067801 0.000000000 
19959.600060583 0.000000000 
19959.601067889 0.000000000 
19959.602067223 0.000000000 
19959.603068624 0.000000000 
19959.604069250 0.000000000 
19959.605068454 0.000000000 
19959.606068246 0.000000000 
19959.607068382 0.000000000 
19959.608068693 0.000000000 
19959.609067252 0.000000000 
19959.610059625 0.000000000 
19959.611067310 0.000000000 
19959.612068050 0.000000000 
19959.613067251 0.000000000 
19959.614067246 0.000000000 
19959.615067218 0.000000000 
19959.616067426 0.000000000 
19959.617066921 0.000000000 
19959.618066805 0.000000000 
19959.619066858 0.000000000 
19959.620057392 0.000000000 
19959.621066226 0.000000000 
19959.622066145 0.000000000 
19959.623066215 0.000000000 
19959.624066725 0.000000000 
19959.625066287 0.000000000 
19959.626066224 0.000000000 
19959.627066554 0.000000000 
19959.628066583 0.000000000 
19959.629066257 0.000000000 
19959.630066416 0.000000000 
19959.631066313 0.000000000 
19959.632065527 0.000000000 
19959.633065125 0.000000000 
19959.634060036 0.000000000 
19959.635065449 0.000000000 
19959.636065564 0.000000000 
19959.637064956 0.000000000 
19959.638064984 0.000000000 
19959.639075066 0.000000000 
19959.640118101 0.000000000 
19959.641147104 0.000000000 
19959.642121239 0.000000000 
19959.643156742 0.000000000 
19959.644110017 0.000000000 
19959.645105792 0.000000000 
19959.646118283 0.000000000 
19959.647142727 0.000000000 
19959.648150893 0.000000000 
19959.649075200 0.000000000 
19959.650146998 0.000000000 
19959.651096706 0.000000000 
19959.652136757 0.000000000 
19959.653133667 0.000000000 
19959.654097964 0.000000000 
19959.655129496 0.000000000 
19959.656136437 0.000000000 
19959.657132934 0.000000000 
19959.658133523 0.000000000 
19959.659112308 0.000000000 
19959.660137382 0.000000000 
19959.661133684 0.000000000 
19959.662133464 0.000000000 
19959.663099393 0.000000000 
19959.664144355 0.000000000 
19959.665130291 0.000000000 
19959.666130713 0.000000000 
19959.667100792 0.000000000 
19959.668347687 0.000000000 
19959.669118476 0.000000000 
19959.670116264 0.000000000 
19959.671089636 0.000000000 
19959.672143807 0.000000000 
19959.673085547 0.000000000 
19959.674156020 0.000000000 
19959.675142482 0.000000000 
19959.676101809 0.000000000 
19959.677111821 0.000000000 
19959.678086447 0.000000000 
19959.679145266 0.000000000 
19959.680090402 0.000000000 
19959.681114895 0.000000000 
19959.682144984 0.000000000 
19959.683123905 0.000000000 
19959.684155801 0.000000000 
19959.685104534 0.000000000 
19959.686142332 0.000000000 
19959.687146728 0.000000000 
19959.688094465 0.000000000 
19959.689145446 0.000000000 
19959.690113494 0.000000000 
19959.691102133 0.000000000 
19959.692144546 0.000000000 
19959.693107999 0.000000000 
19959.694122044 0.000000000 
19959.695105752 0.000000000 
19959.696106778 0.000000000 
19959.697124767 0.000000000 
19959.698086762 0.000000000 
19959.699140923 0.000000000 
19959.700091228 0.000000000 
19959.701104270 0.000000000 
19959.702116861 0.000000000 
19959.703075049 0.000000000 
19959.704143568 0.000000000 
19959.705115667 0.000000000 
19959.706141393 0.000000000 
19959.707081594 0.000000000 
19959.708075318 0.000000000 
19959.709076464 0.000000000 
19959.710140667 0.000000000 
19959.711039438 0.000000000 
19959.712143489 0.000000000 
19959.713118030 0.000000000 
19959.714143130 0.000000000 
19959.715141255 0.000000000 
19959.716096252 0.000000000 
19959.717085364 0.000000000 
19959.718091413 0.000000000 
19959.719140317 0.000000000 
19959.720118897 0.000000000 
19959.721096099 0.000000000 
19959.722115680 0.000000000 
19959.723137012 0.000000000 
19959.724125521 0.000000000 
19959.725136799 0.000000000 
19959.726084874 0.000000000 
19959.727104966 0.000000000 
19959.728136308 0.000000000 
19959.729098807 0.000000000 
19959.730084902 0.000000000 
19959.731136901 0.000000000 
19959.732110588 0.000000000 
19959.733092887 0.000000000 
19959.734096940 0.000000000 
19959.735138510 0.000000000 
19959.736143629 0.000000000 
19959.737138816 0.000000000 
19959.738130858 0.000000000 
19959.739126305 0.000000000 
19959.740103431 0.000000000 
19959.741097991 0.000000000 
19959.742092529 0.000000000 
19959.743135141 0.000000000 
19959.744119990 0.000000000 
19959.745136162 0.000000000 
19959.746066403 0.000000000 
19959.747111063 0.000000000 
19959.748100937 0.000000000 
19959.749136849 0.000000000 
19959.750101885 0.000000000 
19959.751135115 0.000000000 
19959.752103281 0.000000000 
19959.753097921 0.000000000 
19959.754114071 0.000000000 
19959.755103023 0.000000000 
19959.756113457 0.000000000 
19959.757091179 0.000000000 
19959.758114532 0.000000000 
19959.759108103 0.000000000 
19959.760140920 0.000000000 
19959.761095392 0.000000000 
19959.762116205 0.000000000 
19959.763136509 0.000000000 
19959.764140393 0.000000000 
19959.765289522 0.000000000 
19959.766109944 0.000000000 
19959.767094030 0.000000000 
19959.768084747 0.000000000 
19959.769064754 0.000000000 
19959.770135432 0.000000000 
19959.771139294 0.000000000 
19959.772145157 0.000000000 
19959.773138031 0.000000000 
19959.774107695 0.000000000 
19959.775092448 0.000000000 
19959.776107247 0.000000000 
19959.777102687 0.000000000 
19959.778101900 0.000000000 
19959.779096877 0.000000000 
19959.780140055 0.000000000 
19959.781059708 0.000000000 
19959.782086865 0.000000000 
19959.783075973 0.000000000 
19959.784118287 0.000000000 
19959.785083024 0.000000000 
19959.786094533 0.000000000 
19959.787096084 0.000000000 
19959.788115518 0.000000000 
19959.789093874 0.000000000 
19959.790141270 0.000000000 
19959.791067417 0.000000000 
19959.792100472 0.000000000 
19959.793075591 0.000000000 
19959.794068821 0.000000000 
19959.795085096 0.000000000 
19959.796085454 0.000000000 
19959.797076010 0.000000000 
19959.798076975 0.000000000 
19959.799092261 0.000000000 
19959.800095699 0.000000000 
19959.801070148 0.000000000 
19959.802092931 0.000000000 
19959.803092446 0.000000000 
19959.804060477 0.000000000 
19959.805061705 0.000000000 
19959.806078365 0.000000000 
19959.807077015 0.000000000 
19959.808076313 0.000000000 
19959.809082001 0.000000000 
19959.810078516 0.000000000 
19959.811075128 0.000000000 
19959.812076287 0.000000000 
19959.813075892 0.000000000 
19959.814079105 0.000000000 
19959.815075356 0.000000000 
19959.816062613 0.000000000 
19959.817064740 0.000000000 
19959.818063484 0.000000000 
19959.819066981 0.000000000 
19959.820066176 0.000000000 
19959.821057846 0.000000000 
19959.822062967 0.000000000 
19959.823064319 0.000000000 
19959.824063951 0.000000000 
19959.825063339 0.000000000 
19959.826063061 0.000000000 
19959.827063241 0.000000000 
19959.828062435 0.000000000 
19959.829060133 0.000000000 
19959.830119817 0.000000000 
19959.831064140 0.000000000 
19959.832063211 0.000000000 
19959.833064293 0.000000000 
19959.834060159 0.000000000 
19959.835062327 0.000000000 
19959.836062593 0.000000000 
19959.837061681 0.000000000 
19959.838061801 0.000000000 
19959.839062502 0.000000000 
19959.840020496 0.000000000 
19959.841057829 0.000000000 
19959.842061412 0.000000000 
19959.843059823 0.000000000 
19959.844062451 0.000000000 
19959.845061047 0.000000000 
19959.846063075 0.000000000 
19959.847061379 0.000000000 
19959.848061890 0.000000000 
19959.849061292 0.000000000 
19959.850061414 0.000000000 
19959.851068103 0.000000000 
19959.852062127 0.000000000 
19959.853060705 0.000000000 
19959.854060970 0.000000000 
19959.855060402 0.000000000 
19959.856064391 0.000000000 
19959.857060352 0.000000000 
19959.858060140 0.000000000 
19959.859060122 0.000000000 
19959.860060779 0.000000000 
19959.861057938 0.000000000 
19959.862062523 0.000000000 
19959.863060188 0.000000000 
19959.864059765 0.000000000 
19959.865059745 0.000000000 
19959.866059329 0.000000000 
19959.867063045 0.000000000 
19959.868061602 0.000000000 
19959.869059976 0.000000000 
19959.870058658 0.000000000 
19959.871061999 0.000000000 
19959.872060480 0.000000000 
19959.873059969 0.000000000 
19959.874059829 0.000000000 
19959.875060479 0.000000000 
19959.876060973 0.000000000 
19959.877059647 0.000000000 
19959.878058352 0.000000000 
19959.879059147 0.000000000 
19959.880059565 0.000000000 
19959.881076888 0.000000000 
19959.882059821 0.000000000 
19959.883060039 0.000000000 
19959.884040084 0.000000000 
19959.885061012 0.000000000 
19959.886059945 0.000000000 
19959.887060323 0.000000000 
19959.888058879 0.000000000 
19959.889058461 0.000000000 
19959.890059470 0.000000000 
19959.891057061 0.000000000 
19959.892060104 0.000000000 
19959.893058510 0.000000000 
19959.894059243 0.000000000 
19959.895060081 0.000000000 
19959.896057986 0.000000000 
19959.897058702 0.000000000 
19959.898058573 0.000000000 
19959.899057463 0.000000000 
19959.900058728 0.000000000 
19959.901059366 0.000000000 
19959.902085661 0.000000000 
19959.903093249 0.000000000 
19959.904092364 0.000000000 
19959.905091980 0.000000000 
19959.906091300 0.000000000 
19959.907080815 0.000000000 
19959.908092292 0.000000000 
19959.909092115 0.000000000 
19959.910094605 0.000000000 
19959.911101301 0.000000000 
19959.912095536 0.000000000 
19959.913085798 0.000000000 
19959.914092546 0.000000000 
19959.915092717 0.000000000 
19959.916095169 0.000000000 
19959.917093670 0.000000000 
19959.918093158 0.000000000 
19959.919084549 0.000000000 
19959.920088460 0.000000000 
19959.921084033 0.000000000 
19959.922081042 0.000000000 
19959.923070534 0.000000000 
19959.924081992 0.000000000 
19959.925068800 0.000000000 
19959.926070006 0.000000000 
19959.927069091 0.000000000 
19959.928083552 0.000000000 
19959.929069703 0.000000000 
19959.930069445 0.000000000 
19959.931068351 0.000000000 
19959.932084615 0.000000000 
19959.933076640 0.000000000 
19959.934082711 0.000000000 
19959.935070647 0.000000000 
19959.936082675 0.000000000 
19959.937069820 0.000000000 
19959.938091911 0.000000000 
19959.939072076 0.000000000 
19959.940101022 0.000000000 
19959.941097143 0.000000000 
19959.942100364 0.000000000 
19959.943103943 0.000000000 
19959.944097608 0.000000000 
19959.945112183 0.000000000 
19959.946066049 0.000000000 
19959.947097410 0.000000000 
19959.948136638 0.000000000 
19959.949134456 0.000000000 
19959.950086105 0.000000000 
19959.951107500 0.000000000 
19959.952086542 0.000000000 
19959.953131531 0.000000000 
19959.954070833 0.000000000 
19959.955088535 0.000000000 
19959.956091842 0.000000000 
19959.957074350 0.000000000 
19959.958095749 0.000000000 
19959.959062022 0.000000000 
19959.960086897 0.000000000 
19959.961087628 0.000000000 
19959.962088398 0.000000000 
19959.963076756 0.000000000 
19959.964066868 0.000000000 
19959.965090868 0.000000000 
19959.966091959 0.000000000 
19959.967058382 0.000000000 
19959.968060553 0.000000000 
19959.969060684 0.000000000 
19959.970060281 0.000000000 
19959.971060586 0.000000000 
19959.972085742 0.000000000 
19959.973108155 0.000000000 
19959.974081034 0.000000000 
19959.975102836 0.000000000 
19959.976104041 0.000000000 
19959.977085886 0.000000000 
19959.978136447 0.000000000 
19959.979120112 0.000000000 
19959.980092653 0.000000000 
19959.981099802 0.000000000 
19959.982120920 0.000000000 
19959.983136740 0.000000000 
19959.984109818 0.000000000 
19959.985095313 0.000000000 
19959.986089407 0.000000000 
19959.987105646 0.000000000 
19959.988147624 0.000000000 
19959.989119087 0.000000000 
19959.990147700 0.000000000 
19959.991062394 0.000000000 
19959.992067238 0.000000000 
19959.993132399 0.000000000 
19959.994094014 0.000000000 
19959.995150968 0.000000000 
19959.996108477 0.000000000 
19959.997177763 0.000000000 
19959.998082504 0.000000000 
19959.999102562 0.000000000 
19960.000095143 0.000000000 
19960.001099510 0.000000000 
19960.002130799 0.000000000 
19960.003107549 0.000000000 
19960.004145663 0.000000000 
19960.005098664 0.000000000 
19960.006090148 0.000000000 
19960.007075197 0.000000000 
19960.008080451 0.000000000 
19960.009058309 0.000000000 
19960.010058177 0.000000000 
19960.011059041 0.000000000 
19960.012087373 0.000000000 
19960.013118847 0.000000000 
19960.014124332 0.000000000 
19960.015096560 0.000000000 
19960.016147280 0.000000000 
19960.017099213 0.000000000 
19960.018137262 0.000000000 
19960.019088664 0.000000000 
19960.020103566 0.000000000 
19960.021115696 0.000000000 
19960.022063994 0.000000000 
19960.023094884 0.000000000 
19960.024078309 0.000000000 
19960.025071266 0.000000000 
19960.026073855 0.000000000 
19960.027069072 0.000000000 
19960.028069626 0.000000000 
19960.029069052 0.000000000 
19960.030069265 0.000000000 
19960.031073317 0.000000000 
19960.032061503 0.000000000 
19960.033069213 0.000000000 
19960.034083772 0.000000000 
19960.035185712 0.000000000 
19960.036095045 0.000000000 
19960.037075087 0.000000000 
19960.038092830 0.000000000 
19960.039089175 0.000000000 
19960.040092390 0.000000000 
19960.041090839 0.000000000 
19960.042088025 0.000000000 
19960.043104405 0.000000000 
19960.044093327 0.000000000 
19960.045088033 0.000000000 
19960.046091258 0.000000000 
19960.047094388 0.000000000 
